5.549454345703125000e+02 3.077911987304687500e+02
5.337062988281250000e+02 3.004916992187500000e+02
5.329874267578125000e+02 3.002951965332031250e+02
4.926638793945312500e+02 3.267684936523437500e+02
4.783253784179687500e+02 3.075021057128906250e+02
4.343406982421875000e+02 3.063574523925781250e+02
4.348161315917968750e+02 3.064034118652343750e+02
4.057590332031250000e+02 2.834611511230468750e+02
3.854306030273437500e+02 2.816947631835937500e+02
3.549692077636718750e+02 2.788833923339843750e+02
3.347633972167968750e+02 2.941488952636718750e+02
3.015222167968750000e+02 2.940591735839843750e+02
2.778165283203125000e+02 2.898753967285156250e+02
2.569054565429687500e+02 2.822506408691406250e+02
2.364253997802734375e+02 2.788437500000000000e+02
2.074230651855468750e+02 2.762147827148437500e+02
1.791288146972656250e+02 2.675993652343750000e+02
1.587198333740234375e+02 2.854652099609375000e+02
1.367576293945312500e+02 2.678387451171875000e+02
1.099852828979492188e+02 2.594877929687500000e+02
7.535503387451171875e+01 2.770985717773437500e+02
5.692914581298828125e+01 2.783869628906250000e+02
3.940573883056640625e+01 2.704335021972656250e+02
3.465245819091796875e+01 2.573682861328125000e+02
6.493801879882812500e+01 2.735754089355468750e+02
9.857180786132812500e+01 2.577363281250000000e+02
1.240514297485351562e+02 2.673995666503906250e+02
1.426257019042968750e+02 2.669812622070312500e+02
1.662147827148437500e+02 2.644471435546875000e+02
1.951611785888671875e+02 2.737490234375000000e+02
2.209026184082031250e+02 2.609234008789062500e+02
2.392393035888671875e+02 2.751548767089843750e+02
2.620906066894531250e+02 2.579965209960937500e+02
2.898247375488281250e+02 2.576412353515625000e+02
3.108892211914062500e+02 2.536691284179687500e+02
3.274410400390625000e+02 2.578244323730468750e+02
3.530616760253906250e+02 2.664304504394531250e+02
3.740783691406250000e+02 2.745172119140625000e+02
3.962704467773437500e+02 2.542361297607421875e+02
4.136328125000000000e+02 2.582536621093750000e+02
4.359943847656250000e+02 2.590018920898437500e+02
4.569588623046875000e+02 2.607534790039062500e+02
4.593292541503906250e+02 2.812995300292968750e+02
4.611472167968750000e+02 2.818197021484375000e+02
4.199207153320312500e+02 2.738390197753906250e+02
4.197914733886718750e+02 2.716292114257812500e+02
3.988094482421875000e+02 2.669891052246093750e+02
3.804073486328125000e+02 2.602324523925781250e+02
3.390437927246093750e+02 2.811258544921875000e+02
3.393833618164062500e+02 2.812626953125000000e+02
2.555841522216796875e+02 2.617810668945312500e+02
2.331507263183593750e+02 2.770023803710937500e+02
2.335681152343750000e+02 2.778131408691406250e+02
2.043520202636718750e+02 2.622164306640625000e+02
1.807724304199218750e+02 2.665997924804687500e+02
1.619136810302734375e+02 2.602787475585937500e+02
1.405036926269531250e+02 2.627778625488281250e+02
1.152974090576171875e+02 2.563116455078125000e+02
8.165432739257812500e+01 2.503766632080078125e+02
6.383927917480468750e+01 2.579232788085937500e+02
3.133502197265625000e+01 2.494223022460937500e+02
3.134461402893066406e+01 2.493290710449218750e+02
7.117846679687500000e+01 2.440981750488281250e+02
9.565841674804687500e+01 2.419027557373046875e+02
1.138357238769531250e+02 2.491708068847656250e+02
1.416006774902343750e+02 2.427522277832031250e+02
1.677571716308593750e+02 2.581094360351562500e+02
1.912083892822265625e+02 2.623029174804687500e+02
2.150095367431640625e+02 2.466760406494140625e+02
2.382963409423828125e+02 2.585737915039062500e+02
2.574129638671875000e+02 2.467315521240234375e+02
2.820989074707031250e+02 2.656625366210937500e+02
2.990293273925781250e+02 2.486083068847656250e+02
3.195212402343750000e+02 2.541299285888671875e+02
3.460091552734375000e+02 2.481199798583984375e+02
3.695992431640625000e+02 2.526843719482421875e+02
3.940274047851562500e+02 2.696017456054687500e+02
4.173618469238281250e+02 2.668425292968750000e+02
4.417257690429687500e+02 2.683209838867187500e+02
4.619235229492187500e+02 2.618173522949218750e+02
4.825314331054687500e+02 2.456978759765625000e+02
4.294683227539062500e+02 2.295363159179687500e+02
4.296383666992187500e+02 2.287348480224609375e+02
4.036825256347656250e+02 2.524660034179687500e+02
3.916776733398437500e+02 2.512271423339843750e+02
3.702754211425781250e+02 2.481289215087890625e+02
3.479543457031250000e+02 2.344535369873046875e+02
3.301232910156250000e+02 2.377378082275390625e+02
3.155697021484375000e+02 2.314918365478515625e+02
2.852158203125000000e+02 2.523392791748046875e+02
2.595016479492187500e+02 2.489939270019531250e+02
2.371004791259765625e+02 2.461207885742187500e+02
2.148754272460937500e+02 2.487939300537109375e+02
1.884008178710937500e+02 2.559565734863281250e+02
1.651137390136718750e+02 2.501860961914062500e+02
1.404476013183593750e+02 2.534393920898437500e+02
1.083633728027343750e+02 2.508445739746093750e+02
8.138866424560546875e+01 2.441910247802734375e+02
6.286622619628906250e+01 2.371531219482421875e+02
2.618383789062500000e+01 2.463970489501953125e+02
1.128507385253906250e+02 2.305434722900390625e+02
1.137888793945312500e+02 2.287451324462890625e+02
1.402766265869140625e+02 2.409957733154296875e+02
1.565339050292968750e+02 2.306309051513671875e+02
1.852469177246093750e+02 2.365007324218750000e+02
2.110709838867187500e+02 2.491575775146484375e+02
2.385818481445312500e+02 2.500645141601562500e+02
2.582063903808593750e+02 2.398197937011718750e+02
2.826431884765625000e+02 2.456812438964843750e+02
3.051036987304687500e+02 2.402928009033203125e+02
3.230339355468750000e+02 2.371836700439453125e+02
3.440170288085937500e+02 2.490624237060546875e+02
3.503683166503906250e+02 2.460796661376953125e+02
3.902601318359375000e+02 2.427330169677734375e+02
4.068208618164062500e+02 2.261471862792968750e+02
4.395987854003906250e+02 2.491428375244140625e+02
4.574268798828125000e+02 2.379018249511718750e+02
4.401520996093750000e+02 2.367152557373046875e+02
3.870884399414062500e+02 2.250665435791015625e+02
3.860516662597656250e+02 2.233198394775390625e+02
3.834344482421875000e+02 2.442787322998046875e+02
3.623907775878906250e+02 2.232837066650390625e+02
3.364837646484375000e+02 2.435242462158203125e+02
3.099424133300781250e+02 2.377000274658203125e+02
2.980040893554687500e+02 2.306607666015625000e+02
2.733700561523437500e+02 2.340655670166015625e+02
2.478194885253906250e+02 2.197247619628906250e+02
2.291708679199218750e+02 2.408220825195312500e+02
2.027201843261718750e+02 2.389309844970703125e+02
1.778236389160156250e+02 2.310490417480468750e+02
1.520368347167968750e+02 2.383385467529296875e+02
1.390304107666015625e+02 2.222627410888671875e+02
1.090217895507812500e+02 2.156043090820312500e+02
8.609336853027343750e+01 2.362358856201171875e+02
5.923330307006835938e+01 2.211961517333984375e+02
4.908826065063476562e+01 2.143053741455078125e+02
4.939876937866210938e+01 2.142534332275390625e+02
7.543212890625000000e+01 2.254102935791015625e+02
9.540460205078125000e+01 2.302658538818359375e+02
1.190655441284179688e+02 2.303621520996093750e+02
1.440768737792968750e+02 2.308070373535156250e+02
1.678162231445312500e+02 2.302510986328125000e+02
1.878527526855468750e+02 2.057519836425781250e+02
2.144167480468750000e+02 2.204651489257812500e+02
2.290992736816406250e+02 2.144145812988281250e+02
2.550070495605468750e+02 2.332330169677734375e+02
2.804309997558593750e+02 2.246690368652343750e+02
3.013912963867187500e+02 2.201564178466796875e+02
3.146052246093750000e+02 2.341056976318359375e+02
3.371854858398437500e+02 2.280038146972656250e+02
4.138414916992187500e+02 2.342706909179687500e+02
4.140799560546875000e+02 2.341004638671875000e+02
4.451790161132812500e+02 2.455113983154296875e+02
4.584792480468750000e+02 2.242012329101562500e+02
4.458614501953125000e+02 2.133738250732421875e+02
4.193030395507812500e+02 2.187332305908203125e+02
3.985818176269531250e+02 2.331571502685546875e+02
3.742407836914062500e+02 2.281126708984375000e+02
3.641759338378906250e+02 2.247698822021484375e+02
3.330318603515625000e+02 2.103769378662109375e+02
3.218513793945312500e+02 2.137192993164062500e+02
2.953520202636718750e+02 2.307227478027343750e+02
2.799335327148437500e+02 2.120699920654296875e+02
2.517693481445312500e+02 2.012345428466796875e+02
2.409022216796875000e+02 2.304118804931640625e+02
2.210076751708984375e+02 2.106300354003906250e+02
1.978499908447265625e+02 2.048290405273437500e+02
1.738876800537109375e+02 2.022532806396484375e+02
1.462018127441406250e+02 2.155121765136718750e+02
1.177618789672851562e+02 2.223176269531250000e+02
1.023233489990234375e+02 2.201753387451171875e+02
8.274009704589843750e+01 2.014001007080078125e+02
5.131948089599609375e+01 2.126268310546875000e+02
1.037202167510986328e+01 2.045440063476562500e+02
9.057720947265625000e+01 2.001505889892578125e+02
1.142955474853515625e+02 2.144322814941406250e+02
1.282922210693359375e+02 1.939734802246093750e+02
1.523944244384765625e+02 1.977285614013671875e+02
1.814766693115234375e+02 2.089780578613281250e+02
1.899846954345703125e+02 2.207428283691406250e+02
2.151775512695312500e+02 2.201120452880859375e+02
2.448462829589843750e+02 2.152838134765625000e+02
2.503030395507812500e+02 1.942671508789062500e+02
2.773191223144531250e+02 1.988611602783203125e+02
3.043814697265625000e+02 2.196397705078125000e+02
3.152817382812500000e+02 2.127444152832031250e+02
3.341392517089843750e+02 2.069511718750000000e+02
3.602029418945312500e+02 2.055968170166015625e+02
3.687619628906250000e+02 2.083967132568359375e+02
3.828604736328125000e+02 2.042269592285156250e+02
4.073854980468750000e+02 2.288146057128906250e+02
4.272141113281250000e+02 2.287896728515625000e+02
4.549826660156250000e+02 2.135621337890625000e+02
4.461852111816406250e+02 1.879569854736328125e+02
4.158235473632812500e+02 1.915290222167968750e+02
4.059608764648437500e+02 2.028847656250000000e+02
3.809291381835937500e+02 2.082897338867187500e+02
3.312189331054687500e+02 1.929614257812500000e+02
3.306605529785156250e+02 1.932597045898437500e+02
3.174359130859375000e+02 2.047165374755859375e+02
nan nan
2.445827636718750000e+02 1.936227569580078125e+02
2.131440124511718750e+02 2.042837371826171875e+02
1.877525939941406250e+02 2.060894927978515625e+02
1.710832824707031250e+02 2.014846038818359375e+02
1.468475341796875000e+02 2.053103942871093750e+02
1.165812683105468750e+02 1.944695739746093750e+02
9.240837097167968750e+01 2.029789886474609375e+02
7.284828186035156250e+01 2.027409210205078125e+02
6.244986343383789062e+01 1.939873657226562500e+02
7.819653320312500000e+01 1.843029174804687500e+02
1.049183197021484375e+02 1.999874877929687500e+02
1.273458786010742188e+02 2.022943267822265625e+02
1.591563415527343750e+02 1.945596008300781250e+02
1.765782318115234375e+02 1.980973510742187500e+02
2.111758728027343750e+02 2.019542541503906250e+02
2.389148864746093750e+02 2.066445159912109375e+02
2.584584350585937500e+02 2.092105865478515625e+02
2.816376342773437500e+02 1.970080566406250000e+02
3.026356811523437500e+02 2.021722259521484375e+02
3.276805419921875000e+02 1.981930084228515625e+02
3.500508117675781250e+02 1.971301879882812500e+02
3.693737182617187500e+02 2.106895446777343750e+02
3.915405273437500000e+02 2.045101928710937500e+02
4.088884887695312500e+02 2.261818084716796875e+02
4.327564086914062500e+02 2.120273437500000000e+02
4.191435241699218750e+02 1.949809417724609375e+02
3.953791503906250000e+02 1.855157012939453125e+02
3.708009948730468750e+02 1.810927734375000000e+02
3.511464843750000000e+02 1.927180328369140625e+02
3.437037353515625000e+02 2.294416046142578125e+02
3.095527954101562500e+02 2.096959228515625000e+02
2.810195312500000000e+02 2.004473266601562500e+02
2.619858398437500000e+02 1.959226074218750000e+02
2.380012664794921875e+02 1.982982940673828125e+02
2.143330993652343750e+02 1.870224914550781250e+02
1.891327972412109375e+02 1.938377380371093750e+02
1.448305053710937500e+02 2.045817413330078125e+02
1.448261413574218750e+02 2.045162200927734375e+02
1.223933181762695312e+02 1.946188354492187500e+02
1.154739379882812500e+02 1.934039306640625000e+02
8.646733093261718750e+01 1.849415130615234375e+02
8.210507202148437500e+01 1.796696166992187500e+02
8.183378601074218750e+01 1.795949707031250000e+02
1.121120147705078125e+02 1.903743438720703125e+02
1.349426574707031250e+02 2.004905090332031250e+02
1.547180175781250000e+02 1.808445281982421875e+02
1.836514282226562500e+02 1.812333068847656250e+02
2.073473052978515625e+02 1.810480499267578125e+02
2.338037261962890625e+02 2.003431701660156250e+02
3.060864257812500000e+02 1.979188995361328125e+02
3.063467712402343750e+02 1.982456512451171875e+02
3.302101745605468750e+02 1.805868682861328125e+02
3.507180175781250000e+02 1.844134674072265625e+02
3.678717956542968750e+02 1.798822937011718750e+02
3.855987548828125000e+02 1.970323333740234375e+02
4.087248535156250000e+02 1.814696960449218750e+02
4.347017822265625000e+02 1.957825927734375000e+02
4.470286254882812500e+02 1.958853149414062500e+02
4.518357849121093750e+02 1.721863403320312500e+02
4.321064758300781250e+02 1.781362609863281250e+02
4.142044372558593750e+02 1.759492492675781250e+02
3.849509277343750000e+02 1.942395477294921875e+02
3.628100585937500000e+02 1.886651611328125000e+02
3.392980651855468750e+02 1.906689147949218750e+02
2.970404663085937500e+02 1.941543121337890625e+02
2.973838806152343750e+02 1.939876556396484375e+02
nan nan
2.356279602050781250e+02 1.809417419433593750e+02
2.357748107910156250e+02 1.807423095703125000e+02
2.169069213867187500e+02 1.969830932617187500e+02
1.951039886474609375e+02 1.709994964599609375e+02
1.615874176025390625e+02 1.908025665283203125e+02
1.405855560302734375e+02 1.950852966308593750e+02
1.153525695800781250e+02 1.942806091308593750e+02
8.942032623291015625e+01 1.884999237060546875e+02
6.326456832885742188e+01 1.853945617675781250e+02
6.500400543212890625e+01 1.758688659667968750e+02
9.862188720703125000e+01 1.900504455566406250e+02
1.154598388671875000e+02 1.710496826171875000e+02
1.345776214599609375e+02 1.864468536376953125e+02
1.604286956787109375e+02 1.805509948730468750e+02
1.866948089599609375e+02 1.892953033447265625e+02
2.066953887939453125e+02 1.904524383544921875e+02
2.317859649658203125e+02 1.878444824218750000e+02
2.461474609375000000e+02 1.850594940185546875e+02
2.806590881347656250e+02 1.749972839355468750e+02
2.965523986816406250e+02 1.764121246337890625e+02
3.414236450195312500e+02 1.923624572753906250e+02
3.412062377929687500e+02 1.923965606689453125e+02
3.661979370117187500e+02 1.882254791259765625e+02
3.830151977539062500e+02 1.942661743164062500e+02
4.041055908203125000e+02 1.888183288574218750e+02
4.320840454101562500e+02 1.771015930175781250e+02
4.387951660156250000e+02 1.695216064453125000e+02
4.307384948730468750e+02 1.709991302490234375e+02
3.987519531250000000e+02 1.715505523681640625e+02
3.468359375000000000e+02 2.283803405761718750e+02
3.638188476562500000e+02 1.867599792480468750e+02
3.394000244140625000e+02 1.819791717529296875e+02
2.521508178710937500e+02 1.843166656494140625e+02
2.523048400878906250e+02 1.845131378173828125e+02
2.356633300781250000e+02 1.815913543701171875e+02
2.118733215332031250e+02 1.832065582275390625e+02
1.879394226074218750e+02 1.776701660156250000e+02
1.703902587890625000e+02 1.769961853027343750e+02
1.564171142578125000e+02 1.632796173095703125e+02
1.268067245483398438e+02 1.796269836425781250e+02
1.181065826416015625e+02 1.626425170898437500e+02
7.494989013671875000e+01 1.784887390136718750e+02
5.996687316894531250e+01 1.569428405761718750e+02
6.721468353271484375e+01 1.686933288574218750e+02
9.381767272949218750e+01 1.613012390136718750e+02
1.220374145507812500e+02 1.586482849121093750e+02
1.429143066406250000e+02 1.773180236816406250e+02
1.705196228027343750e+02 1.699599609375000000e+02
1.836060791015625000e+02 1.642400054931640625e+02
2.154269409179687500e+02 1.706688537597656250e+02
2.465002288818359375e+02 1.674093475341796875e+02
2.653320312500000000e+02 1.657015075683593750e+02
2.809113159179687500e+02 1.746193542480468750e+02
3.349782714843750000e+02 1.632590332031250000e+02
3.366200561523437500e+02 1.638911437988281250e+02
3.486248168945312500e+02 1.606819152832031250e+02
3.570878906250000000e+02 1.852377471923828125e+02
3.914759521484375000e+02 1.684501342773437500e+02
4.088775024414062500e+02 1.807150268554687500e+02
4.268172607421875000e+02 1.771308135986328125e+02
4.422839050292968750e+02 1.815896911621093750e+02
4.339494018554687500e+02 1.511383972167968750e+02
4.029390869140625000e+02 1.571030883789062500e+02
3.934734191894531250e+02 1.541838378906250000e+02
3.663356323242187500e+02 1.607889099121093750e+02
3.475905761718750000e+02 1.543653259277343750e+02
nan nan
3.081912231445312500e+02 1.560418395996093750e+02
2.830463562011718750e+02 1.544849853515625000e+02
2.611963500976562500e+02 1.539876098632812500e+02
2.336806335449218750e+02 1.728265380859375000e+02
2.143141174316406250e+02 1.727148895263671875e+02
1.934659576416015625e+02 1.556051940917968750e+02
1.705652770996093750e+02 1.572274475097656250e+02
1.446613769531250000e+02 1.485295562744140625e+02
1.173343658447265625e+02 1.553831481933593750e+02
1.087050323486328125e+02 1.505608520507812500e+02
7.170864105224609375e+01 1.659134826660156250e+02
6.985282897949218750e+01 1.464944152832031250e+02
1.001603927612304688e+02 1.415664062500000000e+02
1.268895111083984375e+02 1.500080413818359375e+02
1.496152038574218750e+02 1.620005645751953125e+02
2.352305297851562500e+02 1.611969909667968750e+02
2.353444519042968750e+02 1.612484130859375000e+02
2.578162536621093750e+02 1.530534667968750000e+02
2.829350280761718750e+02 1.638698120117187500e+02
2.993158264160156250e+02 1.543423461914062500e+02
3.205095214843750000e+02 1.553040008544921875e+02
3.375585327148437500e+02 1.486310729980468750e+02
3.645844726562500000e+02 1.694455566406250000e+02
3.805031738281250000e+02 1.460327758789062500e+02
4.062127685546875000e+02 1.568280334472656250e+02
4.294998779296875000e+02 1.653546905517578125e+02
4.426829833984375000e+02 1.646338806152343750e+02
4.443411254882812500e+02 1.585325317382812500e+02
4.235751342773437500e+02 1.405627441406250000e+02
4.252713623046875000e+02 1.462049560546875000e+02
3.789088745117187500e+02 1.493102416992187500e+02
3.784520263671875000e+02 1.485227661132812500e+02
3.555126953125000000e+02 1.421855163574218750e+02
3.373274230957031250e+02 1.457079620361328125e+02
3.191300048828125000e+02 1.503158264160156250e+02
2.944044189453125000e+02 1.461753845214843750e+02
2.742078857421875000e+02 1.457267456054687500e+02
2.624432373046875000e+02 1.479831390380859375e+02
2.310561523437500000e+02 1.471471252441406250e+02
2.087626647949218750e+02 1.475512847900390625e+02
1.877046966552734375e+02 1.553483276367187500e+02
1.585032348632812500e+02 1.503919830322265625e+02
1.313170928955078125e+02 1.533339385986328125e+02
1.152159118652343750e+02 1.421687927246093750e+02
8.540826416015625000e+01 1.466437072753906250e+02
7.955880737304687500e+01 1.366708068847656250e+02
1.041570587158203125e+02 1.501891479492187500e+02
1.345243072509765625e+02 1.541900634765625000e+02
1.783169403076171875e+02 1.546418457031250000e+02
1.796219635009765625e+02 2.993437500000000000e+02
2.287302551269531250e+02 1.456013793945312500e+02
2.295197296142578125e+02 1.449832763671875000e+02
2.490743103027343750e+02 1.557737426757812500e+02
3.005708312988281250e+02 1.530400695800781250e+02
3.004415283203125000e+02 1.529158935546875000e+02
3.073507690429687500e+02 1.502290649414062500e+02
3.316321411132812500e+02 1.343395996093750000e+02
3.498758239746093750e+02 1.538239135742187500e+02
3.719107666015625000e+02 1.493497009277343750e+02
3.943562622070312500e+02 1.483297119140625000e+02
4.121130371093750000e+02 1.722376098632812500e+02
4.374279174804687500e+02 1.471549072265625000e+02
4.318938598632812500e+02 1.367087097167968750e+02
4.184722900390625000e+02 1.278477020263671875e+02
3.925014648437500000e+02 1.376250305175781250e+02
3.146724853515625000e+02 1.485699768066406250e+02
3.145510253906250000e+02 1.483385162353515625e+02
2.901544799804687500e+02 1.350289306640625000e+02
2.761037597656250000e+02 1.496109771728515625e+02
2.513496704101562500e+02 1.319395446777343750e+02
2.289563293457031250e+02 1.418494262695312500e+02
2.066412048339843750e+02 1.458514404296875000e+02
1.835204772949218750e+02 1.272433624267578125e+02
1.603212890625000000e+02 1.225558700561523438e+02
1.377237854003906250e+02 1.258411712646484375e+02
1.210560379028320312e+02 1.302226104736328125e+02
6.387576293945312500e+01 1.328469848632812500e+02
6.379566955566406250e+01 1.328162841796875000e+02
7.631556701660156250e+01 1.180660400390625000e+02
1.046770401000976562e+02 1.308061218261718750e+02
1.309933776855468750e+02 1.299219207763671875e+02
1.440246887207031250e+02 1.292776794433593750e+02
1.689061279296875000e+02 1.303223114013671875e+02
1.961635742187500000e+02 1.311393127441406250e+02
2.197363586425781250e+02 1.376060333251953125e+02
2.422842407226562500e+02 1.178400573730468750e+02
2.694365234375000000e+02 1.269797363281250000e+02
2.877596130371093750e+02 1.413937683105468750e+02
3.420206298828125000e+02 1.328238220214843750e+02
3.412459106445312500e+02 1.324228210449218750e+02
3.669265747070312500e+02 1.159547271728515625e+02
4.065553588867187500e+02 1.363452148437500000e+02
4.051318359375000000e+02 1.313152465820312500e+02
4.296144714355468750e+02 1.290957641601562500e+02
4.522020263671875000e+02 1.263555068969726562e+02
4.328043823242187500e+02 1.164529953002929688e+02
4.142684631347656250e+02 1.280975952148437500e+02
3.834189758300781250e+02 1.147220230102539062e+02
3.724216308593750000e+02 1.132194824218750000e+02
3.409866943359375000e+02 1.185588836669921875e+02
3.254271850585937500e+02 1.081483535766601562e+02
3.013334350585937500e+02 1.288816223144531250e+02
2.812268066406250000e+02 1.266929473876953125e+02
2.578725280761718750e+02 1.144855575561523438e+02
2.487889099121093750e+02 1.209502868652343750e+02
2.164573822021484375e+02 1.282119140625000000e+02
1.913220825195312500e+02 1.095394515991210938e+02
1.796687622070312500e+02 1.061452255249023438e+02
1.643098907470703125e+02 1.214549484252929688e+02
1.375836791992187500e+02 1.125963668823242188e+02
1.214357299804687500e+02 1.294549713134765625e+02
9.795381164550781250e+01 1.260427627563476562e+02
6.738909912109375000e+01 1.089255676269531250e+02
9.414845275878906250e+01 1.235939865112304688e+02
1.139283676147460938e+02 1.209628295898437500e+02
2.020684814453125000e+02 1.143174743652343750e+02
2.020545654296875000e+02 1.129183120727539062e+02
2.274387817382812500e+02 1.281603698730468750e+02
2.475979919433593750e+02 1.183380584716796875e+02
2.747964477539062500e+02 1.097340774536132812e+02
2.992599182128906250e+02 1.262734909057617188e+02
3.072551574707031250e+02 1.085853271484375000e+02
3.346066284179687500e+02 1.192314910888671875e+02
3.491925354003906250e+02 1.255172271728515625e+02
3.752291564941406250e+02 1.244997024536132812e+02
3.952002258300781250e+02 1.227980499267578125e+02
4.206199340820312500e+02 1.063964004516601562e+02
4.262778015136718750e+02 1.250568923950195312e+02
3.951677246093750000e+02 1.110003509521484375e+02
3.828199768066406250e+02 1.064895477294921875e+02
3.678740539550781250e+02 1.098215713500976562e+02
3.380845031738281250e+02 1.157492904663085938e+02
3.174936523437500000e+02 1.008016967773437500e+02
3.061557006835937500e+02 9.996394348144531250e+01
2.764278259277343750e+02 1.213464813232421875e+02
2.532211303710937500e+02 9.869194030761718750e+01
2.305145874023437500e+02 1.085732727050781250e+02
2.183149719238281250e+02 1.135447692871093750e+02
1.949226837158203125e+02 9.879128265380859375e+01
1.776058044433593750e+02 9.180681610107421875e+01
nan nan
1.151679840087890625e+02 1.158819351196289062e+02
1.145249862670898438e+02 1.158624954223632812e+02
8.500813293457031250e+01 9.571780395507812500e+01
9.162287902832031250e+01 9.497865295410156250e+01
1.021351165771484375e+02 9.836361694335937500e+01
1.246896667480468750e+02 1.181987838745117188e+02
1.694211730957031250e+02 1.020609054565429688e+02
1.872781982421875000e+02 1.075266342163085938e+02
1.881306457519531250e+02 1.082505874633789062e+02
2.132049713134765625e+02 1.025656433105468750e+02
2.233622741699218750e+02 1.065853500366210938e+02
2.461296997070312500e+02 9.528092193603515625e+01
2.587136230468750000e+02 1.078423614501953125e+02
2.844249877929687500e+02 9.416470336914062500e+01
2.977137756347656250e+02 1.092746810913085938e+02
3.234657592773437500e+02 1.047531280517578125e+02
3.482900390625000000e+02 1.240632705688476562e+02
3.695748901367187500e+02 1.048687667846679688e+02
3.424802856445312500e+02 1.028895416259765625e+02
3.228206787109375000e+02 1.050148315429687500e+02
3.052655639648437500e+02 1.150949783325195312e+02
2.816168212890625000e+02 1.017355804443359375e+02
2.596206665039062500e+02 9.350130462646484375e+01
2.386295166015625000e+02 1.103558349609375000e+02
1.534814300537109375e+02 1.014177551269531250e+02
1.534692993164062500e+02 1.015529022216796875e+02
1.306842346191406250e+02 9.692896270751953125e+01
1.138749694824218750e+02 6.761373138427734375e+01
8.603694152832031250e+01 9.541549682617187500e+01
9.022200775146484375e+01 8.890296936035156250e+01
1.103634109497070312e+02 8.221552276611328125e+01
1.356034698486328125e+02 9.604319763183593750e+01
1.564929809570312500e+02 9.375785064697265625e+01
1.768138275146484375e+02 9.141817474365234375e+01
1.994958953857421875e+02 1.029952697753906250e+02
2.264306335449218750e+02 8.341329956054687500e+01
2.417676239013671875e+02 9.697604370117187500e+01
2.646989746093750000e+02 9.148097991943359375e+01
2.812904663085937500e+02 9.019429016113281250e+01
3.087364501953125000e+02 9.330782318115234375e+01
3.286875305175781250e+02 8.980991363525390625e+01
3.535611572265625000e+02 1.013871536254882812e+02
3.647241516113281250e+02 1.097181472778320312e+02
3.934620971679687500e+02 1.092024002075195312e+02
4.029626464843750000e+02 1.086151504516601562e+02
4.225656127929687500e+02 1.092511520385742188e+02
4.444534912109375000e+02 9.225066375732421875e+01
4.215164794921875000e+02 8.148068237304687500e+01
4.174753417968750000e+02 9.445927429199218750e+01
3.882738952636718750e+02 8.604824829101562500e+01
3.790286254882812500e+02 9.812102508544921875e+01
3.562885131835937500e+02 8.408196258544921875e+01
3.288796997070312500e+02 9.444422149658203125e+01
3.074752502441406250e+02 9.693381500244140625e+01
2.840769348144531250e+02 8.743541717529296875e+01
2.651335449218750000e+02 8.878233337402343750e+01
2.550746765136718750e+02 9.158405303955078125e+01
2.257459106445312500e+02 7.806857299804687500e+01
2.040787506103515625e+02 7.530303192138671875e+01
1.807886962890625000e+02 7.642498779296875000e+01
1.579801177978515625e+02 8.680733489990234375e+01
1.377873840332031250e+02 9.475617980957031250e+01
1.181244506835937500e+02 8.671351623535156250e+01
8.837210083007812500e+01 7.472531127929687500e+01
8.214671325683593750e+01 7.853768157958984375e+01
1.140887603759765625e+02 8.556008148193359375e+01
1.267226409912109375e+02 7.639405059814453125e+01
1.476718750000000000e+02 7.512814331054687500e+01
1.804346313476562500e+02 7.655606842041015625e+01
1.899817352294921875e+02 7.464971160888671875e+01
2.152483825683593750e+02 8.510382080078125000e+01
2.319695434570312500e+02 9.410767364501953125e+01
2.600458984375000000e+02 9.428907012939453125e+01
2.777716064453125000e+02 8.868581390380859375e+01
3.588101196289062500e+02 9.333846282958984375e+01
3.587225952148437500e+02 9.345185852050781250e+01
3.814061279296875000e+02 7.377913665771484375e+01
3.897970275878906250e+02 8.294315338134765625e+01
4.174311218261718750e+02 8.937082672119140625e+01
4.288836975097656250e+02 7.315970611572265625e+01
4.030123291015625000e+02 9.653002929687500000e+01
3.859660644531250000e+02 9.923818206787109375e+01
3.763066406250000000e+02 7.644338989257812500e+01
3.470272827148437500e+02 8.662074279785156250e+01
3.219276123046875000e+02 6.578798675537109375e+01
2.848124389648437500e+02 8.407801818847656250e+01
5.722390136718750000e+02 2.607270431518554688e+01
2.592378234863281250e+02 6.698172760009765625e+01
2.305547180175781250e+02 8.597653198242187500e+01
2.182117614746093750e+02 7.274648284912109375e+01
1.842373046875000000e+02 7.669956970214843750e+01
1.630573577880859375e+02 8.618554687500000000e+01
1.494815063476562500e+02 8.287996673583984375e+01
1.239252777099609375e+02 8.300076293945312500e+01
9.607131958007812500e+01 6.905422973632812500e+01
9.041310119628906250e+01 8.833367156982421875e+01
1.125104751586914062e+02 7.097232055664062500e+01
1.381209564208984375e+02 8.638816070556640625e+01
1.672379913330078125e+02 6.187762451171875000e+01
1.863722534179687500e+02 7.003804779052734375e+01
2.132477416992187500e+02 8.385389709472656250e+01
2.305784912109375000e+02 7.618917846679687500e+01
2.573234558105468750e+02 6.725376129150390625e+01
2.848722229003906250e+02 8.597261047363281250e+01
nan nan
3.208482055664062500e+02 8.656412506103515625e+01
3.467080688476562500e+02 6.715223693847656250e+01
3.611296997070312500e+02 7.941901397705078125e+01
3.838180541992187500e+02 6.853913879394531250e+01
4.088958740234375000e+02 7.645527648925781250e+01
3.955202636718750000e+02 7.872069549560546875e+01
3.712753295898437500e+02 9.073963165283203125e+01
3.411589660644531250e+02 9.415126037597656250e+01
3.385524902343750000e+02 7.254056549072265625e+01
nan nan
2.633449707031250000e+02 6.499151611328125000e+01
2.632071533203125000e+02 6.492897033691406250e+01
2.367425842285156250e+02 7.627742004394531250e+01
2.212337646484375000e+02 8.639341735839843750e+01
2.128814392089843750e+02 8.127050781250000000e+01
1.788738708496093750e+02 6.765627288818359375e+01
1.567195434570312500e+02 6.509770202636718750e+01
1.291138916015625000e+02 5.836527252197265625e+01
1.013158493041992188e+02 7.954232788085937500e+01
1.142237243652343750e+02 6.843882751464843750e+01
1.141905212402343750e+02 6.825686645507812500e+01
9.698593902587890625e+01 6.453269958496093750e+01
1.217865142822265625e+02 5.006510543823242188e+01
1.446604614257812500e+02 6.549478912353515625e+01
1.694721374511718750e+02 6.667686462402343750e+01
1.887867889404296875e+02 7.295825195312500000e+01
2.136539916992187500e+02 6.176352691650390625e+01
2.391302947998046875e+02 5.651629638671875000e+01
2.550301818847656250e+02 6.170545196533203125e+01
2.865500793457031250e+02 5.534941864013671875e+01
3.068950805664062500e+02 5.478312683105468750e+01
3.180299072265625000e+02 5.235797119140625000e+01
3.492025756835937500e+02 6.024103546142578125e+01
3.570801086425781250e+02 6.000721740722656250e+01
3.893362426757812500e+02 6.060162353515625000e+01
4.048376770019531250e+02 4.627587509155273438e+01
4.304886474609375000e+02 5.342089843750000000e+01
4.540364379882812500e+02 6.562797546386718750e+01
4.113881530761718750e+02 5.084220123291015625e+01
4.102665405273437500e+02 5.142779541015625000e+01
3.865158081054687500e+02 7.243751525878906250e+01
3.459660034179687500e+02 6.590679168701171875e+01
3.454613037109375000e+02 6.524153137207031250e+01
3.304286499023437500e+02 7.648833465576171875e+01
3.174154052734375000e+02 6.860198974609375000e+01
2.975311889648437500e+02 6.223246765136718750e+01
2.809741821289062500e+02 7.380525970458984375e+01
2.582786254882812500e+02 7.783714294433593750e+01
2.423564453125000000e+02 5.486762237548828125e+01
2.064236755371093750e+02 5.687790679931640625e+01
2.059905090332031250e+02 5.707603454589843750e+01
1.803625946044921875e+02 5.767796325683593750e+01
1.572575531005859375e+02 5.689629364013671875e+01
1.437634124755859375e+02 4.965913391113281250e+01
1.225618820190429688e+02 4.691413116455078125e+01
1.029982986450195312e+02 6.488719940185546875e+01
9.100500488281250000e+01 4.639310836791992188e+01
1.213573455810546875e+02 6.115629577636718750e+01
1.370678405761718750e+02 6.787002563476562500e+01
1.579177856445312500e+02 4.564532089233398438e+01
2.035866088867187500e+02 6.508486175537109375e+01
2.035512084960937500e+02 6.350571441650390625e+01
2.254766387939453125e+02 5.719525146484375000e+01
2.491416320800781250e+02 7.535945892333984375e+01
2.752505798339843750e+02 6.007382202148437500e+01
2.924487915039062500e+02 7.721688079833984375e+01
3.194251098632812500e+02 6.493491363525390625e+01
3.452340087890625000e+02 6.164137268066406250e+01
3.562698974609375000e+02 6.985993957519531250e+01
4.034835815429687500e+02 5.470788574218750000e+01
4.034401245117187500e+02 5.333540344238281250e+01
3.557810058593750000e+02 5.654545593261718750e+01
3.558076171875000000e+02 5.662805175781250000e+01
3.403175964355468750e+02 6.283368682861328125e+01
3.167937011718750000e+02 6.138104248046875000e+01
2.940348510742187500e+02 5.967092895507812500e+01
2.840571899414062500e+02 6.610860443115234375e+01
2.569131164550781250e+02 4.354965972900390625e+01
2.436572875976562500e+02 3.891801071166992188e+01
1.890303192138671875e+02 4.854449844360351562e+01
1.891719360351562500e+02 4.853612899780273438e+01
1.790056457519531250e+02 3.556571960449218750e+01
1.497070312500000000e+02 4.050538253784179688e+01
1.311467895507812500e+02 5.727043914794921875e+01
1.050874786376953125e+02 4.564477920532226562e+01
8.310060882568359375e+01 3.259558486938476562e+01
9.588500976562500000e+01 4.495127105712890625e+01
1.219228210449218750e+02 5.138979721069335938e+01
1.429777832031250000e+02 5.804737091064453125e+01
1.655029144287109375e+02 4.194986724853515625e+01
1.883004302978515625e+02 4.593393707275390625e+01
2.055274505615234375e+02 4.798077392578125000e+01
2.219383392333984375e+02 6.211564636230468750e+01
2.430793151855468750e+02 5.704709625244140625e+01
2.654009399414062500e+02 4.181785964965820312e+01
2.856200561523437500e+02 6.023392486572265625e+01
3.077330017089843750e+02 6.168630218505859375e+01
3.274927368164062500e+02 4.589601898193359375e+01
3.391017456054687500e+02 4.481852722167968750e+01
nan nan
3.940685424804687500e+02 6.204157257080078125e+01
3.974603271484375000e+02 2.866016006469726562e+01
3.590201416015625000e+02 4.256579971313476562e+01
3.587678222656250000e+02 4.254708862304687500e+01
3.384430541992187500e+02 2.465883636474609375e+01
3.237005920410156250e+02 3.813768768310546875e+01
2.986291503906250000e+02 3.332479858398437500e+01
2.791072387695312500e+02 2.734023666381835938e+01
2.601263427734375000e+02 2.887398147583007812e+01
2.167878723144531250e+02 3.419076538085937500e+01
2.025132751464843750e+02 3.449716186523437500e+01
2.021268310546875000e+02 3.618661880493164062e+01
1.794415435791015625e+02 2.999589920043945312e+01
1.580675048828125000e+02 3.394084548950195312e+01
1.167054748535156250e+02 4.436051940917968750e+01
1.169462051391601562e+02 4.388111114501953125e+01
9.752502441406250000e+01 2.971130752563476562e+01
9.850551605224609375e+01 4.737643051147460938e+01
1.342905120849609375e+02 4.857155990600585938e+01
