5.551496582031250000e+02 3.072260742187500000e+02
4.461372070312500000e+02 6.307137298583984375e+01
5.329998779296875000e+02 3.030219726562500000e+02
nan nan
4.784499511718750000e+02 3.082612304687500000e+02
nan nan
4.333448181152343750e+02 3.077459106445312500e+02
4.053536376953125000e+02 2.842836303710937500e+02
3.847904663085937500e+02 2.826419372558593750e+02
3.551727294921875000e+02 2.807420043945312500e+02
3.335323181152343750e+02 2.956357421875000000e+02
3.013291625976562500e+02 2.950761108398437500e+02
2.773511352539062500e+02 2.910308837890625000e+02
2.567830810546875000e+02 2.832632751464843750e+02
2.348433227539062500e+02 2.806826171875000000e+02
2.071725006103515625e+02 2.774669189453125000e+02
1.778728179931640625e+02 2.680642700195312500e+02
1.581387939453125000e+02 2.868896484375000000e+02
1.357019042968750000e+02 2.695424194335937500e+02
1.097705688476562500e+02 2.582615966796875000e+02
7.522738647460937500e+01 2.784067993164062500e+02
5.634866333007812500e+01 2.794544067382812500e+02
3.849897766113281250e+01 2.718984375000000000e+02
3.417649078369140625e+01 2.584060668945312500e+02
6.475373840332031250e+01 2.750171508789062500e+02
9.798317718505859375e+01 2.592184448242187500e+02
1.229250335693359375e+02 2.686669921875000000e+02
1.424100646972656250e+02 2.681501770019531250e+02
1.660745086669921875e+02 2.651094970703125000e+02
1.937997741699218750e+02 2.744729003906250000e+02
2.202984161376953125e+02 2.623596496582031250e+02
2.609494323730468750e+02 2.585520019531250000e+02
2.615034179687500000e+02 2.586978149414062500e+02
2.898164672851562500e+02 2.592417602539062500e+02
3.103729858398437500e+02 2.551630706787109375e+02
3.268007202148437500e+02 2.584571838378906250e+02
3.510241699218750000e+02 2.673686523437500000e+02
3.739384765625000000e+02 2.760446166992187500e+02
3.959230346679687500e+02 2.553141937255859375e+02
3.755719604492187500e+02 2.451717376708984375e+02
4.354229736328125000e+02 2.607327880859375000e+02
4.567876586914062500e+02 2.647059326171875000e+02
4.586183166503906250e+02 2.826845703125000000e+02
4.469027709960937500e+02 2.736196899414062500e+02
4.467643432617187500e+02 2.735803833007812500e+02
4.124456787109375000e+02 2.626016845703125000e+02
3.974065856933593750e+02 2.667827758789062500e+02
3.802817993164062500e+02 2.617747192382812500e+02
3.558683471679687500e+02 2.737463378906250000e+02
3.380032958984375000e+02 2.823092041015625000e+02
3.148089904785156250e+02 2.820153198242187500e+02
2.554651947021484375e+02 2.625474853515625000e+02
2.322387237548828125e+02 2.784824218750000000e+02
2.042615661621093750e+02 2.636128540039062500e+02
1.798179931640625000e+02 2.691732177734375000e+02
1.618617553710937500e+02 2.616871337890625000e+02
1.151601791381835938e+02 2.574815979003906250e+02
1.150101013183593750e+02 2.578068847656250000e+02
8.174288940429687500e+01 2.518740081787109375e+02
6.373390197753906250e+01 2.588505859375000000e+02
3.160819435119628906e+01 2.507846679687500000e+02
3.154996299743652344e+01 2.506638641357421875e+02
7.057152557373046875e+01 2.455176086425781250e+02
9.495774078369140625e+01 2.426214599609375000e+02
1.129736480712890625e+02 2.505637359619140625e+02
1.419676513671875000e+02 2.435900878906250000e+02
1.677368774414062500e+02 2.596936950683593750e+02
1.897259674072265625e+02 2.624968872070312500e+02
2.145183105468750000e+02 2.476208190917968750e+02
2.375861206054687500e+02 2.600957641601562500e+02
2.559238281250000000e+02 2.474629364013671875e+02
2.808899536132812500e+02 2.663461914062500000e+02
2.986654663085937500e+02 2.494996948242187500e+02
3.191071166992187500e+02 2.547920684814453125e+02
3.442167053222656250e+02 2.493465270996093750e+02
3.713947753906250000e+02 2.561121826171875000e+02
3.912687377929687500e+02 2.671812744140625000e+02
nan nan
4.423325195312500000e+02 2.698532104492187500e+02
4.608251953125000000e+02 2.625401916503906250e+02
nan nan
4.289270629882812500e+02 2.311091766357421875e+02
4.293416748046875000e+02 2.309391326904296875e+02
4.037515258789062500e+02 2.535424041748046875e+02
3.901545104980468750e+02 2.520864105224609375e+02
3.703415527343750000e+02 2.497932281494140625e+02
3.483161926269531250e+02 2.376417388916015625e+02
3.302847290039062500e+02 2.389519805908203125e+02
3.149951782226562500e+02 2.332926025390625000e+02
2.845013427734375000e+02 2.535412139892578125e+02
2.595263366699218750e+02 2.507386779785156250e+02
2.368418121337890625e+02 2.464774475097656250e+02
2.141055908203125000e+02 2.498215179443359375e+02
1.878079071044921875e+02 2.567161254882812500e+02
1.655845794677734375e+02 2.519491882324218750e+02
1.410152740478515625e+02 2.552926940917968750e+02
1.084937515258789062e+02 2.532421722412109375e+02
8.094305419921875000e+01 2.459263000488281250e+02
6.220274353027343750e+01 2.387968139648437500e+02
2.671290969848632812e+01 2.479967498779296875e+02
3.893625640869140625e+01 2.377291870117187500e+02
1.115914611816406250e+02 2.324512023925781250e+02
1.404967803955078125e+02 2.419631347656250000e+02
1.559680480957031250e+02 2.317038116455078125e+02
1.853236389160156250e+02 2.372361907958984375e+02
2.100310058593750000e+02 2.498550872802734375e+02
2.377351684570312500e+02 2.507974090576171875e+02
2.576372680664062500e+02 2.407267913818359375e+02
2.831892700195312500e+02 2.475691375732421875e+02
3.032731018066406250e+02 2.419332885742187500e+02
3.220414123535156250e+02 2.382880554199218750e+02
3.435663452148437500e+02 2.499905853271484375e+02
3.512905273437500000e+02 2.486850433349609375e+02
3.905751953125000000e+02 2.481917419433593750e+02
4.064663085937500000e+02 2.270170440673828125e+02
3.811972961425781250e+02 6.131829071044921875e+01
4.556055297851562500e+02 2.387780761718750000e+02
4.398912963867187500e+02 2.386856231689453125e+02
3.878014221191406250e+02 2.261479644775390625e+02
3.876923522949218750e+02 2.263137664794921875e+02
3.824977111816406250e+02 2.465427093505859375e+02
3.621466064453125000e+02 2.254130249023437500e+02
3.369945678710937500e+02 2.460585021972656250e+02
3.091262817382812500e+02 2.386297912597656250e+02
2.729485168457031250e+02 2.356099395751953125e+02
2.727996826171875000e+02 2.358019104003906250e+02
2.470139160156250000e+02 2.208854675292968750e+02
2.282055053710937500e+02 2.420279846191406250e+02
2.025438232421875000e+02 2.413504943847656250e+02
1.782778778076171875e+02 2.330689544677734375e+02
1.516482696533203125e+02 2.403873901367187500e+02
1.382065124511718750e+02 2.235513305664062500e+02
1.099748077392578125e+02 2.165779724121093750e+02
8.658844757080078125e+01 2.375645446777343750e+02
6.031930541992187500e+01 2.233645477294921875e+02
4.910362243652343750e+01 2.150702056884765625e+02
4.756385040283203125e+01 2.146987304687500000e+02
7.517229461669921875e+01 2.265457763671875000e+02
9.590365600585937500e+01 2.323185577392578125e+02
1.186015930175781250e+02 2.319049682617187500e+02
1.443980102539062500e+02 2.322799682617187500e+02
1.685009765625000000e+02 2.320888671875000000e+02
1.867432861328125000e+02 2.069898834228515625e+02
2.141284790039062500e+02 2.220409088134765625e+02
2.283649597167968750e+02 2.157613983154296875e+02
2.548665161132812500e+02 2.340213623046875000e+02
2.814844360351562500e+02 2.268147430419921875e+02
3.013183593750000000e+02 2.215318756103515625e+02
3.157489013671875000e+02 2.419492950439453125e+02
3.363422241210937500e+02 2.321511230468750000e+02
4.135073852539062500e+02 2.356619110107421875e+02
4.133892822265625000e+02 2.354408721923828125e+02
4.338836669921875000e+02 2.219645996093750000e+02
4.454088134765625000e+02 2.151167144775390625e+02
4.197117919921875000e+02 2.201046600341796875e+02
4.195606689453125000e+02 2.196233062744140625e+02
3.985004882812500000e+02 2.347667541503906250e+02
3.734351196289062500e+02 2.272653045654296875e+02
3.319958496093750000e+02 2.116687011718750000e+02
3.324704284667968750e+02 2.123097381591796875e+02
3.212477111816406250e+02 2.149565124511718750e+02
2.944219360351562500e+02 2.319799346923828125e+02
2.795039062500000000e+02 2.132217712402343750e+02
2.545864257812500000e+02 1.972753601074218750e+02
2.200314636230468750e+02 2.135834808349609375e+02
2.197482299804687500e+02 2.136724853515625000e+02
1.964968261718750000e+02 2.064675903320312500e+02
1.735611877441406250e+02 2.040321807861328125e+02
1.461274108886718750e+02 2.173217926025390625e+02
1.188194961547851562e+02 2.229969940185546875e+02
1.019102630615234375e+02 2.219268341064453125e+02
8.248619079589843750e+01 2.029457855224609375e+02
5.113395690917968750e+01 2.142587280273437500e+02
5.693027877807617188e+01 2.072490234375000000e+02
8.982064819335937500e+01 2.018943023681640625e+02
1.152131805419921875e+02 2.161509246826171875e+02
1.280384521484375000e+02 1.959503936767578125e+02
1.518162536621093750e+02 1.992552337646484375e+02
1.807739105224609375e+02 2.104787139892578125e+02
1.891106567382812500e+02 2.230631866455078125e+02
2.151328125000000000e+02 2.219364013671875000e+02
2.446206054687500000e+02 2.164010925292968750e+02
2.522388610839843750e+02 2.024842071533203125e+02
2.772655944824218750e+02 2.002129211425781250e+02
3.036554565429687500e+02 2.200439453125000000e+02
3.143899536132812500e+02 2.139321136474609375e+02
3.336943359375000000e+02 2.088870849609375000e+02
3.599598083496093750e+02 2.071727447509765625e+02
3.680219726562500000e+02 2.098662414550781250e+02
3.806740112304687500e+02 2.056820526123046875e+02
4.069112548828125000e+02 2.288353576660156250e+02
4.280528564453125000e+02 2.338650054931640625e+02
4.541174621582031250e+02 2.146521301269531250e+02
4.449480895996093750e+02 1.904399414062500000e+02
4.125177612304687500e+02 1.869129486083984375e+02
4.054628295898437500e+02 2.035930633544921875e+02
3.803075866699218750e+02 2.089745635986328125e+02
3.309050903320312500e+02 1.941619720458984375e+02
3.310344238281250000e+02 1.941241455078125000e+02
3.175302124023437500e+02 2.168594818115234375e+02
2.443182678222656250e+02 1.948215789794921875e+02
2.440527954101562500e+02 1.948438873291015625e+02
2.127428131103515625e+02 2.062507019042968750e+02
1.880598754882812500e+02 2.072776184082031250e+02
1.716430511474609375e+02 2.036666412353515625e+02
1.478110351562500000e+02 2.071805267333984375e+02
1.164014358520507812e+02 1.964476776123046875e+02
9.237313842773437500e+01 2.046781158447265625e+02
7.292047882080078125e+01 2.039752349853515625e+02
6.233601760864257812e+01 1.956890106201171875e+02
7.797806549072265625e+01 1.853111114501953125e+02
1.043935852050781250e+02 2.018153533935546875e+02
1.270566482543945312e+02 2.038181152343750000e+02
1.591039886474609375e+02 1.967066955566406250e+02
1.773614044189453125e+02 1.995399780273437500e+02
2.116179809570312500e+02 2.037923278808593750e+02
2.383698425292968750e+02 2.086932678222656250e+02
2.578670043945312500e+02 2.106293640136718750e+02
2.795546264648437500e+02 2.006977233886718750e+02
3.021066284179687500e+02 2.028970489501953125e+02
3.272862548828125000e+02 2.000439147949218750e+02
3.493629760742187500e+02 1.985650177001953125e+02
3.704624328613281250e+02 2.160414886474609375e+02
3.909589538574218750e+02 2.054217376708984375e+02
4.075307922363281250e+02 2.263824462890625000e+02
4.320074462890625000e+02 2.128173065185546875e+02
4.185147399902343750e+02 1.970197753906250000e+02
3.946143798828125000e+02 1.856848602294921875e+02
3.708031005859375000e+02 1.825843658447265625e+02
3.516569519042968750e+02 1.948527374267578125e+02
3.245269165039062500e+02 2.025204925537109375e+02
2.810846862792968750e+02 2.032182769775390625e+02
2.807799682617187500e+02 2.021131591796875000e+02
2.622527465820312500e+02 1.981193237304687500e+02
2.376919097900390625e+02 1.989227447509765625e+02
2.141094360351562500e+02 1.868178405761718750e+02
1.884637756347656250e+02 1.944371948242187500e+02
1.675528259277343750e+02 1.946135864257812500e+02
1.445768432617187500e+02 2.061086578369140625e+02
1.217671356201171875e+02 1.965593872070312500e+02
1.150695419311523438e+02 1.952351379394531250e+02
8.548471069335937500e+01 1.878381347656250000e+02
8.178776550292968750e+01 1.819633026123046875e+02
8.133609008789062500e+01 1.817528533935546875e+02
1.123403472900390625e+02 1.917667694091796875e+02
1.343397674560546875e+02 2.019969635009765625e+02
1.533347473144531250e+02 1.821275329589843750e+02
1.814715270996093750e+02 1.827492065429687500e+02
2.067762145996093750e+02 1.825745239257812500e+02
2.333034057617187500e+02 2.011463317871093750e+02
3.057348327636718750e+02 1.985485382080078125e+02
3.057072143554687500e+02 1.984584045410156250e+02
3.306995239257812500e+02 1.824516601562500000e+02
3.493779907226562500e+02 1.844635925292968750e+02
3.670792541503906250e+02 1.810530395507812500e+02
3.855093994140625000e+02 1.980285186767578125e+02
4.084307861328125000e+02 1.848570861816406250e+02
4.334071655273437500e+02 1.972890472412109375e+02
4.469461669921875000e+02 1.972218017578125000e+02
4.509876708984375000e+02 1.737647857666015625e+02
4.314254760742187500e+02 1.795505981445312500e+02
4.138802795410156250e+02 1.772347106933593750e+02
3.845607604980468750e+02 1.944795379638671875e+02
3.630498352050781250e+02 1.903128814697265625e+02
3.384867553710937500e+02 1.925272521972656250e+02
2.958478088378906250e+02 1.953366546630859375e+02
2.960233764648437500e+02 1.957263793945312500e+02
nan nan
2.348918151855468750e+02 1.818171844482421875e+02
2.349085998535156250e+02 1.815567016601562500e+02
2.152145690917968750e+02 1.982032623291015625e+02
1.944830322265625000e+02 1.720869750976562500e+02
1.606679687500000000e+02 1.922214813232421875e+02
1.403556518554687500e+02 1.962394256591796875e+02
1.175901794433593750e+02 1.961627807617187500e+02
8.975920104980468750e+01 1.905491333007812500e+02
6.414189910888671875e+01 1.864646911621093750e+02
6.466925811767578125e+01 1.775578613281250000e+02
9.898072814941406250e+01 1.917469329833984375e+02
1.155003890991210938e+02 1.730263671875000000e+02
1.346940002441406250e+02 1.877938079833984375e+02
1.612272338867187500e+02 1.816685028076171875e+02
1.860147399902343750e+02 1.911368103027343750e+02
2.066059417724609375e+02 1.919263000488281250e+02
2.369237823486328125e+02 1.909742431640625000e+02
2.389338378906250000e+02 1.934065399169921875e+02
2.801619873046875000e+02 1.759704437255859375e+02
2.970473632812500000e+02 1.792609252929687500e+02
3.215553894042968750e+02 1.940180206298828125e+02
3.410957641601562500e+02 1.930902862548828125e+02
3.658989257812500000e+02 1.899270477294921875e+02
3.823430786132812500e+02 1.951110076904296875e+02
4.038461608886718750e+02 1.893782501220703125e+02
4.316098022460937500e+02 1.782270507812500000e+02
4.410932006835937500e+02 1.712791442871093750e+02
4.304779663085937500e+02 1.734212951660156250e+02
3.980239562988281250e+02 1.730076141357421875e+02
3.779304809570312500e+02 1.641265716552734375e+02
3.556521606445312500e+02 1.945162506103515625e+02
3.408512573242187500e+02 1.847586212158203125e+02
2.530899658203125000e+02 1.847196655273437500e+02
2.520129394531250000e+02 1.849945220947265625e+02
2.361213836669921875e+02 1.821661224365234375e+02
2.127416992187500000e+02 1.840523376464843750e+02
1.880103607177734375e+02 1.784656372070312500e+02
1.696401977539062500e+02 1.782465820312500000e+02
1.562979125976562500e+02 1.647250976562500000e+02
1.280972900390625000e+02 1.813616180419921875e+02
1.177454605102539062e+02 1.640051116943359375e+02
7.476151275634765625e+01 1.804679412841796875e+02
5.993027114868164062e+01 1.582682800292968750e+02
6.717195129394531250e+01 1.697773132324218750e+02
9.411994171142578125e+01 1.628077392578125000e+02
1.212851715087890625e+02 1.606725158691406250e+02
1.426982116699218750e+02 1.788629150390625000e+02
1.703406372070312500e+02 1.707679443359375000e+02
1.838685607910156250e+02 1.648742065429687500e+02
2.154079895019531250e+02 1.725946197509765625e+02
2.460183105468750000e+02 1.696246490478515625e+02
2.662572021484375000e+02 1.685093536376953125e+02
nan nan
3.054675292968750000e+02 1.777838287353515625e+02
3.341763916015625000e+02 1.665479125976562500e+02
3.460872497558593750e+02 1.693942260742187500e+02
3.570330810546875000e+02 1.854488372802734375e+02
3.916511535644531250e+02 1.693133850097656250e+02
4.090043334960937500e+02 1.821976165771484375e+02
4.270394287109375000e+02 1.779686431884765625e+02
4.416829223632812500e+02 1.823049774169921875e+02
4.340154113769531250e+02 1.536955261230468750e+02
4.023966064453125000e+02 1.580738220214843750e+02
3.927044067382812500e+02 1.546031341552734375e+02
3.652853393554687500e+02 1.618231506347656250e+02
3.474096679687500000e+02 1.561974182128906250e+02
3.076413879394531250e+02 1.565544586181640625e+02
2.844434204101562500e+02 1.559354553222656250e+02
2.840404052734375000e+02 1.555005798339843750e+02
2.611002502441406250e+02 1.547002716064453125e+02
2.335699768066406250e+02 1.748159484863281250e+02
2.141101684570312500e+02 1.741713867187500000e+02
1.932956542968750000e+02 1.573282470703125000e+02
1.788972778320312500e+02 3.005933227539062500e+02
1.456232757568359375e+02 1.494396972656250000e+02
1.172088317871093750e+02 1.570119628906250000e+02
1.085211334228515625e+02 1.525948333740234375e+02
7.190184020996093750e+01 1.677615356445312500e+02
6.999244689941406250e+01 1.483199157714843750e+02
1.002317276000976562e+02 1.426911926269531250e+02
1.272679443359375000e+02 1.514979248046875000e+02
1.490254211425781250e+02 1.641141204833984375e+02
2.346092834472656250e+02 1.619719848632812500e+02
2.352098999023437500e+02 1.618489379882812500e+02
2.575517272949218750e+02 1.546027832031250000e+02
2.821477661132812500e+02 1.652921447753906250e+02
2.984318237304687500e+02 1.558212585449218750e+02
3.195734863281250000e+02 1.552742004394531250e+02
3.380533447265625000e+02 1.505478515625000000e+02
3.638591308593750000e+02 1.702754516601562500e+02
3.809836425781250000e+02 1.480717468261718750e+02
4.061905517578125000e+02 1.568159637451171875e+02
4.291234741210937500e+02 1.662094726562500000e+02
4.422331542968750000e+02 1.645808410644531250e+02
4.230695190429687500e+02 1.413984069824218750e+02
4.233325805664062500e+02 1.418413696289062500e+02
4.249607543945312500e+02 1.477474975585937500e+02
3.614269409179687500e+02 2.094432067871093750e+02
3.797119750976562500e+02 1.518389129638671875e+02
3.550038146972656250e+02 1.433846740722656250e+02
3.372198486328125000e+02 1.465808715820312500e+02
3.184407958984375000e+02 1.513004455566406250e+02
2.941440429687500000e+02 1.475091857910156250e+02
2.746148071289062500e+02 1.460317077636718750e+02
2.629097900390625000e+02 1.497957000732421875e+02
2.083578338623046875e+02 1.489967041015625000e+02
2.083204193115234375e+02 1.490039367675781250e+02
1.866546630859375000e+02 1.560187683105468750e+02
1.313516540527343750e+02 1.555356597900390625e+02
1.321620483398437500e+02 1.548833923339843750e+02
1.156514205932617188e+02 1.437373199462890625e+02
8.589402770996093750e+01 1.482664489746093750e+02
7.953350830078125000e+01 1.381537170410156250e+02
1.044162673950195312e+02 1.515868682861328125e+02
1.341234130859375000e+02 1.549226837158203125e+02
1.775664978027343750e+02 2.982910156250000000e+02
1.790917510986328125e+02 3.009566345214843750e+02
2.295579376220703125e+02 1.462073669433593750e+02
2.292515563964843750e+02 1.462578125000000000e+02
2.489381866455078125e+02 1.573070220947265625e+02
2.713790893554687500e+02 1.368908843994140625e+02
3.003756713867187500e+02 1.535508422851562500e+02
3.074856872558593750e+02 1.507964477539062500e+02
3.313909301757812500e+02 1.364679412841796875e+02
3.495146484375000000e+02 1.529698486328125000e+02
3.685513305664062500e+02 1.472229309082031250e+02
3.938313293457031250e+02 1.463442687988281250e+02
4.060572509765625000e+02 1.634844055175781250e+02
4.371505432128906250e+02 1.490201110839843750e+02
4.320717163085937500e+02 1.385743408203125000e+02
4.181403808593750000e+02 1.287566223144531250e+02
3.923185424804687500e+02 1.378840637207031250e+02
3.148265991210937500e+02 1.498628845214843750e+02
3.144406738281250000e+02 1.500099182128906250e+02
2.763360290527343750e+02 1.507850036621093750e+02
2.761952514648437500e+02 1.503110809326171875e+02
2.508752136230468750e+02 1.340931396484375000e+02
2.290776977539062500e+02 1.432930450439453125e+02
2.064566650390625000e+02 1.475550384521484375e+02
1.825800170898437500e+02 1.289035949707031250e+02
1.599301757812500000e+02 1.240513381958007812e+02
1.382972259521484375e+02 1.273100891113281250e+02
1.202859954833984375e+02 1.322422790527343750e+02
9.761851501464843750e+01 1.415662841796875000e+02
6.444203186035156250e+01 1.341459960937500000e+02
7.639912414550781250e+01 1.192622909545898438e+02
1.045193405151367188e+02 1.315780029296875000e+02
1.308635864257812500e+02 1.309643554687500000e+02
1.464391174316406250e+02 1.311476898193359375e+02
1.688028259277343750e+02 1.319085083007812500e+02
1.949197845458984375e+02 1.325760650634765625e+02
2.412109680175781250e+02 1.185460357666015625e+02
2.422722015380859375e+02 1.187222442626953125e+02
2.688881835937500000e+02 1.284922790527343750e+02
2.898179016113281250e+02 1.935330200195312500e+02
3.110669555664062500e+02 1.474279479980468750e+02
3.421929931640625000e+02 1.341804504394531250e+02
3.669028625488281250e+02 1.184613494873046875e+02
4.068034667968750000e+02 1.369033660888671875e+02
4.060326538085937500e+02 1.358134765625000000e+02
4.298731079101562500e+02 1.299064025878906250e+02
4.330604248046875000e+02 1.180788116455078125e+02
4.329562988281250000e+02 1.180658721923828125e+02
4.137995300292968750e+02 1.293097686767578125e+02
3.834869995117187500e+02 1.173971023559570312e+02
3.712358093261718750e+02 1.155791931152343750e+02
3.254306945800781250e+02 1.092480239868164062e+02
3.252568359375000000e+02 1.091668014526367188e+02
3.017271423339843750e+02 1.299403533935546875e+02
2.818662109375000000e+02 1.291955871582031250e+02
2.581388549804687500e+02 1.164752120971679688e+02
2.489182434082031250e+02 1.225801620483398438e+02
2.174811553955078125e+02 1.294361572265625000e+02
1.915668945312500000e+02 1.108421325683593750e+02
1.798942260742187500e+02 1.072585983276367188e+02
1.638796691894531250e+02 1.222352676391601562e+02
1.380000457763671875e+02 1.150510101318359375e+02
1.209983520507812500e+02 1.313960723876953125e+02
9.808105468750000000e+01 1.279509582519531250e+02
6.733695220947265625e+01 1.102702407836914062e+02
9.449765014648437500e+01 1.258612289428710938e+02
1.144770202636718750e+02 1.227136535644531250e+02
2.030028686523437500e+02 1.159410705566406250e+02
2.025724792480468750e+02 1.148689117431640625e+02
2.278712310791015625e+02 1.295458374023437500e+02
2.472074737548828125e+02 1.194298706054687500e+02
2.748972473144531250e+02 1.107061538696289062e+02
2.979634704589843750e+02 1.266599807739257812e+02
3.072419128417968750e+02 1.091582946777343750e+02
3.342545776367187500e+02 1.206384506225585938e+02
3.495889892578125000e+02 1.277230606079101562e+02
3.750385131835937500e+02 1.258297348022460938e+02
3.952109680175781250e+02 1.243894271850585938e+02
4.204312133789062500e+02 1.085850677490234375e+02
4.257523803710937500e+02 1.254693984985351562e+02
3.967874755859375000e+02 1.134166183471679688e+02
3.830347900390625000e+02 1.099589538574218750e+02
3.676530456542968750e+02 1.119341964721679688e+02
3.367573852539062500e+02 1.177031173706054688e+02
3.169294128417968750e+02 1.024302597045898438e+02
3.056801452636718750e+02 1.010147933959960938e+02
2.769305114746093750e+02 1.222731018066406250e+02
2.529614868164062500e+02 9.927853393554687500e+01
2.281496276855468750e+02 1.080873260498046875e+02
2.184474029541015625e+02 1.143837661743164062e+02
1.943387145996093750e+02 9.787445831298828125e+01
1.777391510009765625e+02 9.348566436767578125e+01
1.777009582519531250e+02 2.848411254882812500e+02
1.165314788818359375e+02 1.167352676391601562e+02
1.158858413696289062e+02 1.166951522827148438e+02
8.485583496093750000e+01 9.664002990722656250e+01
9.139892578125000000e+01 9.610935211181640625e+01
1.026220169067382812e+02 1.007905807495117188e+02
nan nan
1.497671813964843750e+02 1.138263778686523438e+02
1.699114685058593750e+02 1.031258239746093750e+02
1.875678100585937500e+02 1.097037811279296875e+02
2.129096679687500000e+02 1.034684982299804688e+02
2.237595214843750000e+02 1.078505630493164062e+02
2.453931732177734375e+02 9.689774322509765625e+01
2.587936401367187500e+02 1.090683975219726562e+02
2.849496459960937500e+02 9.613824462890625000e+01
2.982197265625000000e+02 1.105609359741210938e+02
3.231131286621093750e+02 1.056089248657226562e+02
3.489937744140625000e+02 1.257795867919921875e+02
3.699741210937500000e+02 1.069170684814453125e+02
3.430350341796875000e+02 1.050510559082031250e+02
3.226740722656250000e+02 1.063378906250000000e+02
3.052641601562500000e+02 1.164483261108398438e+02
2.820058593750000000e+02 1.026164398193359375e+02
2.590527343750000000e+02 9.479356384277343750e+01
2.404421081542968750e+02 1.134985885620117188e+02
1.537208404541015625e+02 1.026474456787109375e+02
1.537972412109375000e+02 1.026776046752929688e+02
1.309529113769531250e+02 9.772559356689453125e+01
1.040403060913085938e+02 9.290030670166015625e+01
8.651860046386718750e+01 9.723530578613281250e+01
9.032440185546875000e+01 9.031362152099609375e+01
1.105005950927734375e+02 8.296569824218750000e+01
1.353169403076171875e+02 9.675485992431640625e+01
1.566863098144531250e+02 9.495883941650390625e+01
1.772235565185546875e+02 9.006918334960937500e+01
1.993314361572265625e+02 1.049155578613281250e+02
2.259044799804687500e+02 8.192575073242187500e+01
2.408531188964843750e+02 9.703350830078125000e+01
2.639060974121093750e+02 9.356342315673828125e+01
2.812528686523437500e+02 9.145796203613281250e+01
3.090820922851562500e+02 9.482808685302734375e+01
3.287959899902343750e+02 9.076242065429687500e+01
3.519291687011718750e+02 1.016911239624023438e+02
3.647981872558593750e+02 1.106778411865234375e+02
3.930772094726562500e+02 1.095114364624023438e+02
4.025925903320312500e+02 1.100112228393554688e+02
4.222832031250000000e+02 1.102417755126953125e+02
4.440880432128906250e+02 9.321519470214843750e+01
4.216852416992187500e+02 8.246338653564453125e+01
4.181180725097656250e+02 9.606993103027343750e+01
3.885434265136718750e+02 8.685532379150390625e+01
3.775374755859375000e+02 9.950519561767578125e+01
3.553269042968750000e+02 8.439678955078125000e+01
3.288665161132812500e+02 9.625792694091796875e+01
3.077192993164062500e+02 9.795928192138671875e+01
2.844567260742187500e+02 8.844543457031250000e+01
2.647311401367187500e+02 9.135624694824218750e+01
2.540243835449218750e+02 9.294016265869140625e+01
2.259232482910156250e+02 8.000687408447265625e+01
2.042464599609375000e+02 7.698129272460937500e+01
1.809559783935546875e+02 7.738294219970703125e+01
1.596289672851562500e+02 8.969629669189453125e+01
1.383900756835937500e+02 9.673857879638671875e+01
1.186406402587890625e+02 8.770331573486328125e+01
8.835073089599609375e+01 7.575141143798828125e+01
8.318005371093750000e+01 8.005661773681640625e+01
1.142998504638671875e+02 8.675852966308593750e+01
1.270212478637695312e+02 7.830172729492187500e+01
1.479178771972656250e+02 7.692793273925781250e+01
1.793064422607421875e+02 7.823692321777343750e+01
1.901961669921875000e+02 7.571904754638671875e+01
2.147469329833984375e+02 8.622957611083984375e+01
2.319496307373046875e+02 9.503373718261718750e+01
2.597921752929687500e+02 9.504854583740234375e+01
2.774597167968750000e+02 8.969795989990234375e+01
3.586538085937500000e+02 9.368208312988281250e+01
3.588294677734375000e+02 9.492846679687500000e+01
3.811757507324218750e+02 7.551008605957031250e+01
3.896439514160156250e+02 8.399028778076171875e+01
4.169961853027343750e+02 9.052115631103515625e+01
4.288104248046875000e+02 7.456226348876953125e+01
4.028912048339843750e+02 9.657437133789062500e+01
3.835953979492187500e+02 9.883988189697265625e+01
3.759624023437500000e+02 7.732720947265625000e+01
3.448293457031250000e+02 8.651164245605468750e+01
3.217048034667968750e+02 6.739959716796875000e+01
2.845863647460937500e+02 8.524663543701171875e+01
2.843634643554687500e+02 8.508795166015625000e+01
2.592770385742187500e+02 6.814596557617187500e+01
2.313084106445312500e+02 8.885202026367187500e+01
2.175614318847656250e+02 7.297749328613281250e+01
1.831807708740234375e+02 7.923125457763671875e+01
1.627802429199218750e+02 8.779602050781250000e+01
1.486283569335937500e+02 8.359780120849609375e+01
1.235602188110351562e+02 8.409433746337890625e+01
9.609651184082031250e+01 7.083660125732421875e+01
8.969834899902343750e+01 8.853388977050781250e+01
1.128746566772460938e+02 7.243905639648437500e+01
1.377295379638671875e+02 8.721640014648437500e+01
1.676715393066406250e+02 6.230399322509765625e+01
1.864974670410156250e+02 7.375850677490234375e+01
2.126110229492187500e+02 8.443307495117187500e+01
2.323323059082031250e+02 7.724782562255859375e+01
2.560632019042968750e+02 6.760971069335937500e+01
2.846573486328125000e+02 8.736151885986328125e+01
nan nan
3.474882202148437500e+02 6.936697387695312500e+01
3.473245849609375000e+02 6.948228454589843750e+01
3.608082885742187500e+02 8.132762145996093750e+01
3.831653747558593750e+02 7.152145385742187500e+01
4.088735351562500000e+02 7.803829193115234375e+01
3.959510498046875000e+02 8.047599029541015625e+01
3.712377319335937500e+02 9.148534393310546875e+01
3.403535766601562500e+02 9.607135009765625000e+01
3.296847229003906250e+02 7.562896728515625000e+01
nan nan
2.634605102539062500e+02 6.592462158203125000e+01
2.633169250488281250e+02 6.626324462890625000e+01
2.363234252929687500e+02 7.764302062988281250e+01
2.200287628173828125e+02 8.844281768798828125e+01
2.098592987060546875e+02 8.066511535644531250e+01
1.811704559326171875e+02 6.705747985839843750e+01
1.568301696777343750e+02 6.513990020751953125e+01
1.266954498291015625e+02 6.062821197509765625e+01
1.009517211914062500e+02 8.042043304443359375e+01
1.017383117675781250e+02 7.392630004882812500e+01
1.017547607421875000e+02 7.401108551025390625e+01
9.768865966796875000e+01 6.619631195068359375e+01
1.217463378906250000e+02 5.186127090454101562e+01
1.432300415039062500e+02 6.707714080810546875e+01
1.693655395507812500e+02 6.719969177246093750e+01
1.914037780761718750e+02 6.635325622558593750e+01
2.147446136474609375e+02 6.329000091552734375e+01
2.382398986816406250e+02 5.967307281494140625e+01
2.539489135742187500e+02 6.248212432861328125e+01
2.857025451660156250e+02 5.610810470581054688e+01
3.065340881347656250e+02 5.548822784423828125e+01
3.184529418945312500e+02 5.418710327148437500e+01
3.480981750488281250e+02 6.163108062744140625e+01
4.116901855468750000e+02 1.104744796752929688e+02
3.878427124023437500e+02 6.172319793701171875e+01
4.049049682617187500e+02 4.718154907226562500e+01
4.299817504882812500e+02 5.492265319824218750e+01
4.533560791015625000e+02 6.706312561035156250e+01
4.102285766601562500e+02 5.205459594726562500e+01
4.113468933105468750e+02 5.282603454589843750e+01
3.871748657226562500e+02 7.295208740234375000e+01
3.459487915039062500e+02 6.582870483398437500e+01
3.459772949218750000e+02 6.575731658935546875e+01
3.308638916015625000e+02 7.770590209960937500e+01
3.182910156250000000e+02 7.017056274414062500e+01
2.968767700195312500e+02 6.268696594238281250e+01
2.810609130859375000e+02 7.488407135009765625e+01
2.579087524414062500e+02 7.919994354248046875e+01
2.414561767578125000e+02 5.671828460693359375e+01
2.197393493652343750e+02 8.486067199707031250e+01
2.071666259765625000e+02 5.756067657470703125e+01
1.797173767089843750e+02 5.623069000244140625e+01
1.573955993652343750e+02 5.519110870361328125e+01
1.444254760742187500e+02 5.081081390380859375e+01
1.221249084472656250e+02 4.741879272460937500e+01
1.026347656250000000e+02 6.671079254150390625e+01
9.165646362304687500e+01 4.779022598266601562e+01
1.203036956787109375e+02 6.177938079833984375e+01
1.370359191894531250e+02 6.964423370361328125e+01
1.590223846435546875e+02 4.837301635742187500e+01
1.855571594238281250e+02 6.463311004638671875e+01
2.032673950195312500e+02 6.712968444824218750e+01
2.253276824951171875e+02 5.972411346435546875e+01
2.490652160644531250e+02 7.706571960449218750e+01
2.752760620117187500e+02 6.167124938964843750e+01
2.893265991210937500e+02 8.442076873779296875e+01
3.202962646484375000e+02 6.614363098144531250e+01
3.457791137695312500e+02 6.212281036376953125e+01
3.814975585937500000e+02 7.883521270751953125e+01
4.029202880859375000e+02 5.706705093383789062e+01
4.032077331542968750e+02 5.689648437500000000e+01
3.560109558105468750e+02 5.745041656494140625e+01
3.559131469726562500e+02 5.718806457519531250e+01
3.400103149414062500e+02 6.471229553222656250e+01
3.171538696289062500e+02 6.196080780029296875e+01
2.953063354492187500e+02 6.125991058349609375e+01
2.835617370605468750e+02 6.713039398193359375e+01
2.568136596679687500e+02 4.462224960327148438e+01
2.437628631591796875e+02 3.927526092529296875e+01
1.888290710449218750e+02 4.980819320678710938e+01
1.884536437988281250e+02 4.978462219238281250e+01
1.784241485595703125e+02 3.662591171264648438e+01
1.505407409667968750e+02 4.090670776367187500e+01
1.317944641113281250e+02 5.726045227050781250e+01
1.059554595947265625e+02 4.878348541259765625e+01
8.315524291992187500e+01 3.361726760864257812e+01
9.681481933593750000e+01 4.683257675170898438e+01
1.217025604248046875e+02 4.974919128417968750e+01
1.426652526855468750e+02 5.916701507568359375e+01
1.669943084716796875e+02 4.244246292114257812e+01
1.881979675292968750e+02 4.680329513549804688e+01
2.037228393554687500e+02 4.351156234741210938e+01
2.430781555175781250e+02 6.047969055175781250e+01
2.433600769042968750e+02 6.036158752441406250e+01
2.658850097656250000e+02 4.406758499145507812e+01
2.863509521484375000e+02 6.146537017822265625e+01
3.080734558105468750e+02 6.299405670166015625e+01
3.271560668945312500e+02 4.726667022705078125e+01
3.386889038085937500e+02 4.660064315795898438e+01
nan nan
3.971493225097656250e+02 3.005528640747070312e+01
3.970146484375000000e+02 2.990232467651367188e+01
3.590035095214843750e+02 4.406673049926757812e+01
3.585921630859375000e+02 4.433201599121093750e+01
3.384745483398437500e+02 2.523107147216796875e+01
3.233397827148437500e+02 3.938405990600585938e+01
2.985977783203125000e+02 3.373176574707031250e+01
2.791085815429687500e+02 2.803188323974609375e+01
2.611686401367187500e+02 2.965829849243164062e+01
2.407201538085937500e+02 4.033572769165039062e+01
2.164745483398437500e+02 3.475631332397460938e+01
2.029455718994140625e+02 3.697747802734375000e+01
1.791667785644531250e+02 2.988183975219726562e+01
1.581680145263671875e+02 3.532099914550781250e+01
1.353812255859375000e+02 3.387582015991210938e+01
1.172866134643554688e+02 4.641120529174804688e+01
9.725337982177734375e+01 3.109962463378906250e+01
9.890398406982421875e+01 4.905045700073242188e+01
1.370736694335937500e+02 4.859405899047851562e+01
