6.247730712890625000e+02 3.913520507812500000e+02
6.249735717773437500e+02 3.913631286621093750e+02
6.039866943359375000e+02 3.984305419921875000e+02
5.580006713867187500e+02 4.133450927734375000e+02
5.430263671875000000e+02 3.962894897460937500e+02
4.968835144042968750e+02 3.928297119140625000e+02
4.968383789062500000e+02 3.924067382812500000e+02
4.646649169921875000e+02 3.688474731445312500e+02
4.418504638671875000e+02 3.639637145996093750e+02
4.092756042480468750e+02 3.629515991210937500e+02
3.885017700195312500e+02 3.788398437500000000e+02
3.556868286132812500e+02 3.731928405761718750e+02
3.345626220703125000e+02 3.651381225585937500e+02
3.110002136230468750e+02 3.608905639648437500e+02
2.908016967773437500e+02 3.558385620117187500e+02
2.631989135742187500e+02 3.507398071289062500e+02
2.338847656250000000e+02 3.478005371093750000e+02
2.172317962646484375e+02 3.632535400390625000e+02
1.956575317382812500e+02 3.446383056640625000e+02
1.693796386718750000e+02 3.386248779296875000e+02
1.410217132568359375e+02 3.553807678222656250e+02
1.239317855834960938e+02 3.568954467773437500e+02
1.065619888305664062e+02 3.454114990234375000e+02
1.008724136352539062e+02 3.360521850585937500e+02
1.316153717041015625e+02 3.510288696289062500e+02
1.607869567871093750e+02 3.354894104003906250e+02
1.853556823730468750e+02 3.400039978027343750e+02
2.005386047363281250e+02 3.450017700195312500e+02
2.240049438476562500e+02 3.365073547363281250e+02
2.507980499267578125e+02 3.491753540039062500e+02
2.746287841796875000e+02 3.349511718750000000e+02
2.949090576171875000e+02 3.504580688476562500e+02
3.147208251953125000e+02 3.350440063476562500e+02
3.430254516601562500e+02 3.346512451171875000e+02
3.648441772460937500e+02 3.300722045898437500e+02
3.846185302734375000e+02 3.293423461914062500e+02
4.136043701171875000e+02 3.394951171875000000e+02
4.331480712890625000e+02 3.498484191894531250e+02
4.558035888671875000e+02 3.295501098632812500e+02
4.764634399414062500e+02 3.297829589843750000e+02
4.997488403320312500e+02 3.331623535156250000e+02
5.230895385742187500e+02 3.406998291015625000e+02
5.261520996093750000e+02 3.543058471679687500e+02
5.297006835937500000e+02 3.544041137695312500e+02
5.116602478027343750e+02 3.412396850585937500e+02
4.836853027343750000e+02 3.502776489257812500e+02
4.601482543945312500e+02 3.434550781250000000e+02
4.384837951660156250e+02 3.341532897949218750e+02
3.952963256835937500e+02 3.530053710937500000e+02
3.956599121093750000e+02 3.536362304687500000e+02
3.106408386230468750e+02 3.334947509765625000e+02
3.110423889160156250e+02 3.335377197265625000e+02
2.899628906250000000e+02 3.544965209960937500e+02
2.579128417968750000e+02 3.403197021484375000e+02
2.373735351562500000e+02 3.413447265625000000e+02
2.184738006591796875e+02 3.375926513671875000e+02
2.009387664794921875e+02 3.353308410644531250e+02
1.735231323242187500e+02 3.352927246093750000e+02
1.422788391113281250e+02 3.276918029785156250e+02
1.295732421875000000e+02 3.303976440429687500e+02
1.014009552001953125e+02 3.324769897460937500e+02
4.437396240234375000e+01 3.317215270996093750e+02
1.340120391845703125e+02 3.200216674804687500e+02
1.571510925292968750e+02 3.188237915039062500e+02
1.718456115722656250e+02 3.281098937988281250e+02
1.992771606445312500e+02 3.188967895507812500e+02
2.237005462646484375e+02 3.354367675781250000e+02
2.508776550292968750e+02 3.368681030273437500e+02
2.697720947265625000e+02 3.216737670898437500e+02
2.946294860839843750e+02 3.291855468750000000e+02
3.091477355957031250e+02 3.233793334960937500e+02
3.353264160156250000e+02 3.347148742675781250e+02
3.551865234375000000e+02 3.207258300781250000e+02
3.765766601562500000e+02 3.253170776367187500e+02
4.016481933593750000e+02 3.255968322753906250e+02
4.274650268554687500e+02 3.307413940429687500e+02
4.545698242187500000e+02 3.442371215820312500e+02
4.782335205078125000e+02 3.397767333984375000e+02
5.090968627929687500e+02 3.440018005371093750e+02
5.294005126953125000e+02 3.324508972167968750e+02
5.548884277343750000e+02 3.185337524414062500e+02
5.348207397460937500e+02 2.909882812500000000e+02
4.949777832031250000e+02 2.984650878906250000e+02
4.654097900390625000e+02 3.206010742187500000e+02
4.543578796386718750e+02 3.297719421386718750e+02
4.279107666015625000e+02 3.252305297851562500e+02
4.074819946289062500e+02 3.041413574218750000e+02
3.872315673828125000e+02 3.077479248046875000e+02
3.691066284179687500e+02 3.031352539062500000e+02
3.377831115722656250e+02 3.229657592773437500e+02
2.904822998046875000e+02 3.178294372558593750e+02
2.904223022460937500e+02 3.176876525878906250e+02
2.695396423339843750e+02 3.212586059570312500e+02
2.434660644531250000e+02 3.306660766601562500e+02
2.212498474121093750e+02 3.284973144531250000e+02
1.985689849853515625e+02 3.319061889648437500e+02
1.679371948242187500e+02 3.298664245605468750e+02
1.415784606933593750e+02 3.245599060058593750e+02
1.244383392333984375e+02 3.161531372070312500e+02
4.486531066894531250e+01 3.309497070312500000e+02
4.308864593505859375e+01 3.209412231445312500e+02
1.714446105957031250e+02 3.052175292968750000e+02
1.959699401855468750e+02 3.181061401367187500e+02
2.124654846191406250e+02 3.049337158203125000e+02
2.398677673339843750e+02 3.085697631835937500e+02
2.664426879882812500e+02 3.222174682617187500e+02
2.930824584960937500e+02 3.273472900390625000e+02
3.092492980957031250e+02 3.145396118164062500e+02
3.345347900390625000e+02 3.198870849609375000e+02
3.634226074218750000e+02 3.064382324218750000e+02
3.792474670410156250e+02 3.022277221679687500e+02
4.016011962890625000e+02 3.247360229492187500e+02
4.228767395019531250e+02 3.060075988769531250e+02
4.501757202148437500e+02 3.167790527343750000e+02
nan nan
5.255026245117187500e+02 3.066824951171875000e+02
5.251609497070312500e+02 3.063705444335937500e+02
5.061434326171875000e+02 3.066941833496093750e+02
4.797442016601562500e+02 3.118659667968750000e+02
4.474664001464843750e+02 2.964444580078125000e+02
4.438367004394531250e+02 3.206658935546875000e+02
4.179631958007812500e+02 2.991182250976562500e+02
3.623391113281250000e+02 3.159441223144531250e+02
3.621461181640625000e+02 3.161688842773437500e+02
3.576917724609375000e+02 3.075258178710937500e+02
3.256817016601562500e+02 3.059577636718750000e+02
2.987462768554687500e+02 2.965074157714843750e+02
2.828953857421875000e+02 3.172052612304687500e+02
2.577457885742187500e+02 3.127427673339843750e+02
2.343365783691406250e+02 3.049779052734375000e+02
2.094368286132812500e+02 3.122463989257812500e+02
1.963967285156250000e+02 2.966972045898437500e+02
1.650892791748046875e+02 2.908429870605468750e+02
1.476531372070312500e+02 3.162388000488281250e+02
1.213920211791992188e+02 2.969030761718750000e+02
1.158681411743164062e+02 3.168142700195312500e+02
1.100970306396484375e+02 2.916165771484375000e+02
1.350705413818359375e+02 3.044304199218750000e+02
1.571144866943359375e+02 3.067950439453125000e+02
1.760618286132812500e+02 3.061505126953125000e+02
1.997381744384765625e+02 3.053652343750000000e+02
2.232004089355468750e+02 3.050117797851562500e+02
2.474536743164062500e+02 2.827255249023437500e+02
2.689016723632812500e+02 2.892950439453125000e+02
2.809700317382812500e+02 2.889281616210937500e+02
3.079840087890625000e+02 3.077286376953125000e+02
3.322162780761718750e+02 2.992398986816406250e+02
3.547832641601562500e+02 2.948477783203125000e+02
3.677382812500000000e+02 3.068265075683593750e+02
3.910035095214843750e+02 3.051076660156250000e+02
4.788555603027343750e+02 3.008250732421875000e+02
4.792537231445312500e+02 3.008570556640625000e+02
5.321339111328125000e+02 2.869433898925781250e+02
5.255625000000000000e+02 2.938568115234375000e+02
5.165526733398437500e+02 2.881371154785156250e+02
4.841643371582031250e+02 2.945325317382812500e+02
4.597509765625000000e+02 3.066983032226562500e+02
4.312922973632812500e+02 2.994805908203125000e+02
4.222573547363281250e+02 2.926274414062500000e+02
3.776594848632812500e+02 2.805257263183593750e+02
3.784616394042968750e+02 2.789558715820312500e+02
3.494549865722656250e+02 3.022371215820312500e+02
3.303122558593750000e+02 2.884427490234375000e+02
2.946838378906250000e+02 2.995789794921875000e+02
2.956370849609375000e+02 2.998182983398437500e+02
2.755388793945312500e+02 2.783491210937500000e+02
2.472938842773437500e+02 2.750809326171875000e+02
2.257102050781250000e+02 2.776925659179687500e+02
1.999510803222656250e+02 2.932407836914062500e+02
1.736680908203125000e+02 2.987972412109375000e+02
1.596830444335937500e+02 2.979541625976562500e+02
1.405992279052734375e+02 2.778618164062500000e+02
1.114046020507812500e+02 2.919779663085937500e+02
7.342001342773437500e+01 2.803986206054687500e+02
1.477562561035156250e+02 2.740192871093750000e+02
1.740392456054687500e+02 2.892563476562500000e+02
1.820306396484375000e+02 2.700375976562500000e+02
2.035231475830078125e+02 2.751099853515625000e+02
2.318847351074218750e+02 2.869553222656250000e+02
2.423532562255859375e+02 2.967836914062500000e+02
2.677159423828125000e+02 2.914599609375000000e+02
3.014747619628906250e+02 2.981144409179687500e+02
3.023797607421875000e+02 2.671428222656250000e+02
3.286999206542968750e+02 2.718830261230468750e+02
3.565079345703125000e+02 2.929011840820312500e+02
3.702171630859375000e+02 2.815796508789062500e+02
3.905713500976562500e+02 2.747355346679687500e+02
4.203938293457031250e+02 2.730513305664062500e+02
4.273131713867187500e+02 2.762474975585937500e+02
4.431483764648437500e+02 2.727222290039062500e+02
4.707081909179687500e+02 3.011727905273437500e+02
4.921845703125000000e+02 2.988507385253906250e+02
5.153734130859375000e+02 2.549706573486328125e+02
5.157907104492187500e+02 2.550922546386718750e+02
4.763570861816406250e+02 2.517783355712890625e+02
4.700001220703125000e+02 2.725493469238281250e+02
4.416595458984375000e+02 2.754191284179687500e+02
4.102506713867187500e+02 2.611317749023437500e+02
3.875747070312500000e+02 2.587898559570312500e+02
3.726162109375000000e+02 2.797604064941406250e+02
2.973966369628906250e+02 2.612250061035156250e+02
2.974692993164062500e+02 2.612238769531250000e+02
2.637572326660156250e+02 2.800319824218750000e+02
2.392364807128906250e+02 2.810169677734375000e+02
2.236227722167968750e+02 2.777691955566406250e+02
2.009247741699218750e+02 2.803514404296875000e+02
1.703819885253906250e+02 2.721193237304687500e+02
1.493894042968750000e+02 2.804958496093750000e+02
1.309909362792968750e+02 2.781589050292968750e+02
1.335265808105468750e+02 2.643880615234375000e+02
1.329440612792968750e+02 2.639715881347656250e+02
1.591984252929687500e+02 2.802413330078125000e+02
1.808786621093750000e+02 2.825941772460937500e+02
2.106418609619140625e+02 2.739039306640625000e+02
2.284120178222656250e+02 2.771789855957031250e+02
2.609561767578125000e+02 2.802030944824218750e+02
2.894541931152343750e+02 2.851965332031250000e+02
3.111178283691406250e+02 2.820200195312500000e+02
3.335764465332031250e+02 2.683054504394531250e+02
3.541754150390625000e+02 2.600351562500000000e+02
3.825130920410156250e+02 2.707465209960937500e+02
4.075897216796875000e+02 2.733157348632812500e+02
4.272031860351562500e+02 2.884467163085937500e+02
4.520719604492187500e+02 2.741835937500000000e+02
4.714488525390625000e+02 2.994399719238281250e+02
5.002484130859375000e+02 2.845920410156250000e+02
4.836609497070312500e+02 2.647263183593750000e+02
4.543731079101562500e+02 2.495451660156250000e+02
4.294696044921875000e+02 2.529722900390625000e+02
4.078270568847656250e+02 2.599332275390625000e+02
3.801922912597656250e+02 2.677833251953125000e+02
3.316248168945312500e+02 2.766408081054687500e+02
3.316024780273437500e+02 2.764889526367187500e+02
3.114122924804687500e+02 2.735914916992187500e+02
2.880191345214843750e+02 2.757381591796875000e+02
2.656985473632812500e+02 2.601602478027343750e+02
2.409683685302734375e+02 2.646386108398437500e+02
2.198335571289062500e+02 2.653981323242187500e+02
1.988973236083984375e+02 2.800389709472656250e+02
1.756734161376953125e+02 2.675621948242187500e+02
1.676635131835937500e+02 2.659770507812500000e+02
1.397054595947265625e+02 2.625427246093750000e+02
5.766430664062500000e+01 2.729237060546875000e+02
1.385563049316406250e+02 2.575811767578125000e+02
1.654707336425781250e+02 2.661226196289062500e+02
1.887945251464843750e+02 2.725123291015625000e+02
2.058518371582031250e+02 2.554680328369140625e+02
2.332391662597656250e+02 2.536408996582031250e+02
2.583764038085937500e+02 2.532187500000000000e+02
2.860236816406250000e+02 2.720474548339843750e+02
3.617512207031250000e+02 2.649739379882812500e+02
3.617343139648437500e+02 2.650609436035156250e+02
3.845419311523437500e+02 2.502703704833984375e+02
4.060786132812500000e+02 2.502114715576171875e+02
4.258917846679687500e+02 2.482946929931640625e+02
4.476458740234375000e+02 2.579089355468750000e+02
4.702101440429687500e+02 2.454207611083984375e+02
5.002532958984375000e+02 2.599515380859375000e+02
5.200006103515625000e+02 2.550518951416015625e+02
5.208793945312500000e+02 2.423984527587890625e+02
4.989660644531250000e+02 2.399726104736328125e+02
4.767208251953125000e+02 2.417625579833984375e+02
4.441801147460937500e+02 2.601478881835937500e+02
4.209696044921875000e+02 2.542774505615234375e+02
3.950663452148437500e+02 2.579909057617187500e+02
3.515869750976562500e+02 2.605706176757812500e+02
3.515687255859375000e+02 2.604478454589843750e+02
nan nan
2.847438049316406250e+02 2.489853515625000000e+02
2.849952087402343750e+02 2.488473358154296875e+02
2.685103454589843750e+02 2.655102539062500000e+02
2.429160308837890625e+02 2.451398925781250000e+02
2.132244262695312500e+02 2.647835388183593750e+02
1.938657379150390625e+02 2.674385986328125000e+02
1.710871429443359375e+02 2.692318725585937500e+02
1.442064971923828125e+02 2.660578613281250000e+02
1.216164321899414062e+02 2.595327453613281250e+02
1.200805816650390625e+02 2.540441741943359375e+02
1.556814880371093750e+02 2.664565429687500000e+02
1.679225463867187500e+02 2.471337432861328125e+02
1.876454772949218750e+02 2.629041748046875000e+02
2.115318145751953125e+02 2.568212280273437500e+02
2.381894836425781250e+02 2.576072998046875000e+02
2.582454833984375000e+02 2.602082519531250000e+02
2.854382324218750000e+02 2.612285766601562500e+02
2.930032958984375000e+02 2.597522583007812500e+02
3.287609252929687500e+02 2.416962432861328125e+02
3.490314941406250000e+02 2.462822875976562500e+02
3.757861022949218750e+02 2.594532470703125000e+02
3.985121459960937500e+02 2.541185913085937500e+02
4.229187927246093750e+02 2.538695220947265625e+02
4.677740783691406250e+02 2.500086364746093750e+02
4.679050903320312500e+02 2.499819183349609375e+02
4.987625732421875000e+02 2.361505889892578125e+02
5.130579833984375000e+02 2.257092895507812500e+02
4.965120849609375000e+02 2.395604858398437500e+02
4.618148193359375000e+02 2.420292663574218750e+02
4.347557983398437500e+02 2.221895446777343750e+02
4.170454711914062500e+02 2.455647125244140625e+02
3.963865356445312500e+02 2.524502868652343750e+02
3.048863525390625000e+02 2.508449096679687500e+02
3.051886291503906250e+02 2.513033599853515625e+02
2.863302001953125000e+02 2.483701782226562500e+02
2.623180541992187500e+02 2.537465972900390625e+02
2.372661743164062500e+02 2.524036865234375000e+02
2.207548065185546875e+02 2.522310180664062500e+02
2.073783874511718750e+02 2.329743194580078125e+02
1.801950378417968750e+02 2.557565765380859375e+02
1.691562500000000000e+02 2.355048522949218750e+02
1.308063507080078125e+02 2.528311462402343750e+02
1.128802795410156250e+02 2.338202514648437500e+02
1.226068115234375000e+02 2.436513671875000000e+02
1.456130981445312500e+02 2.401430053710937500e+02
1.723330383300781250e+02 2.360087432861328125e+02
2.212869873046875000e+02 2.388691406250000000e+02
2.211169128417968750e+02 2.389828491210937500e+02
2.313630218505859375e+02 2.389069976806640625e+02
2.626713256835937500e+02 2.472024536132812500e+02
2.947180175781250000e+02 2.409575042724609375e+02
3.148521118164062500e+02 2.397280883789062500e+02
3.320757141113281250e+02 2.422562866210937500e+02
3.888038330078125000e+02 2.335261840820312500e+02
3.920413818359375000e+02 2.330669860839843750e+02
4.038668212890625000e+02 2.262470397949218750e+02
4.167710571289062500e+02 2.519008636474609375e+02
4.550038757324218750e+02 2.389219665527343750e+02
4.710482177734375000e+02 2.460796661376953125e+02
4.920357360839843750e+02 2.345444793701171875e+02
5.122765502929687500e+02 2.410414581298828125e+02
5.015884399414062500e+02 2.119257202148437500e+02
4.659822998046875000e+02 2.186474761962890625e+02
4.522516174316406250e+02 2.082913360595703125e+02
4.229918823242187500e+02 2.264456176757812500e+02
4.025624389648437500e+02 2.235258941650390625e+02
nan nan
3.314477539062500000e+02 2.271791687011718750e+02
3.308565979003906250e+02 2.263305206298828125e+02
3.077725830078125000e+02 2.247442169189453125e+02
2.840224609375000000e+02 2.444353637695312500e+02
2.402888641357421875e+02 2.320386962890625000e+02
2.404628601074218750e+02 2.315854339599609375e+02
2.197112426757812500e+02 2.242263488769531250e+02
1.939702453613281250e+02 2.221909942626953125e+02
1.666563415527343750e+02 2.319564666748046875e+02
1.586107788085937500e+02 2.259750518798828125e+02
1.247543334960937500e+02 2.436171875000000000e+02
1.213516540527343750e+02 2.202970428466796875e+02
1.505483398437500000e+02 2.164231262207031250e+02
1.772990417480468750e+02 2.207677307128906250e+02
2.009197387695312500e+02 2.344660949707031250e+02
2.820777282714843750e+02 2.304151153564453125e+02
2.822959899902343750e+02 2.306091613769531250e+02
3.054797973632812500e+02 2.250333099365234375e+02
3.341868591308593750e+02 2.263258056640625000e+02
3.505131530761718750e+02 2.181264343261718750e+02
3.733582763671875000e+02 2.169949340820312500e+02
3.913718261718750000e+02 2.114642181396484375e+02
4.223357543945312500e+02 2.314526519775390625e+02
4.400173339843750000e+02 2.136177825927734375e+02
4.677160644531250000e+02 2.202391052246093750e+02
4.951231689453125000e+02 2.292938995361328125e+02
5.100023193359375000e+02 2.267146148681640625e+02
5.183741455078125000e+02 2.090735168457031250e+02
4.917861633300781250e+02 1.931141815185546875e+02
4.906616821289062500e+02 2.027395629882812500e+02
4.526532592773437500e+02 1.985016174316406250e+02
4.380705261230468750e+02 2.106265411376953125e+02
4.120226440429687500e+02 2.037908630371093750e+02
3.941968383789062500e+02 2.038863830566406250e+02
3.448563842773437500e+02 2.039071197509765625e+02
3.448765258789062500e+02 2.039113159179687500e+02
3.261063842773437500e+02 2.043592681884765625e+02
3.145385131835937500e+02 2.167242279052734375e+02
2.821987304687500000e+02 2.091639709472656250e+02
2.571562500000000000e+02 2.103161621093750000e+02
2.372909240722656250e+02 2.214305572509765625e+02
2.091212158203125000e+02 2.210854339599609375e+02
1.817334594726562500e+02 2.209612579345703125e+02
1.658916015625000000e+02 2.098016510009765625e+02
1.384682006835937500e+02 2.145146942138671875e+02
1.294662170410156250e+02 2.140483093261718750e+02
1.545363616943359375e+02 2.258872985839843750e+02
1.850600585937500000e+02 2.258472595214843750e+02
2.042749633789062500e+02 2.165801239013671875e+02
2.279399414062500000e+02 2.246558685302734375e+02
2.498192901611328125e+02 2.197291107177734375e+02
2.783762817382812500e+02 2.156313018798828125e+02
3.003297729492187500e+02 2.208221740722656250e+02
3.226375732421875000e+02 2.013641510009765625e+02
3.517415161132812500e+02 2.177459564208984375e+02
3.857806396484375000e+02 1.952415771484375000e+02
3.857420043945312500e+02 1.947973632812500000e+02
4.053609619140625000e+02 2.176952514648437500e+02
4.297131347656250000e+02 2.105343322753906250e+02
4.543969116210937500e+02 2.043514404296875000e+02
4.745176391601562500e+02 2.092185668945312500e+02
5.067056884765625000e+02 2.006591033935546875e+02
4.966455688476562500e+02 2.019250793457031250e+02
4.790443725585937500e+02 1.982814331054687500e+02
4.507118835449218750e+02 2.081502990722656250e+02
3.652986755371093750e+02 2.107017211914062500e+02
3.378566284179687500e+02 1.949968566894531250e+02
3.382839965820312500e+02 1.951637268066406250e+02
3.263539428710937500e+02 2.129040374755859375e+02
2.996204223632812500e+02 1.956747589111328125e+02
2.751312255859375000e+02 2.146571655273437500e+02
2.531177215576171875e+02 2.090200347900390625e+02
2.278378295898437500e+02 1.979260864257812500e+02
2.058926391601562500e+02 1.934607696533203125e+02
1.838456420898437500e+02 1.993678131103515625e+02
1.689507446289062500e+02 1.969534912109375000e+02
1.480207366943359375e+02 2.125751647949218750e+02
1.149254455566406250e+02 2.082397460937500000e+02
1.258653869628906250e+02 1.899453735351562500e+02
1.528229980468750000e+02 1.995051422119140625e+02
1.780879516601562500e+02 2.027811737060546875e+02
1.935792388916015625e+02 2.018231964111328125e+02
2.140316162109375000e+02 2.029643707275390625e+02
2.433877868652343750e+02 1.969485626220703125e+02
2.612120056152343750e+02 2.273748626708984375e+02
2.878316040039062500e+02 1.825520172119140625e+02
3.187557373046875000e+02 1.923581542968750000e+02
3.421998291015625000e+02 2.649209899902343750e+02
3.638458251953125000e+02 2.088113555908203125e+02
3.932747192382812500e+02 1.978888549804687500e+02
4.205050048828125000e+02 1.900680999755859375e+02
4.430875854492187500e+02 2.137880249023437500e+02
4.663898010253906250e+02 1.889850311279296875e+02
4.941804199218750000e+02 1.928526916503906250e+02
5.206852416992187500e+02 1.825942382812500000e+02
4.979623107910156250e+02 1.679909973144531250e+02
4.748704223632812500e+02 1.863751831054687500e+02
4.421110229492187500e+02 1.657733764648437500e+02
4.274545288085937500e+02 1.699308776855468750e+02
3.920491943359375000e+02 1.737406616210937500e+02
3.738854370117187500e+02 1.688451995849609375e+02
3.488998718261718750e+02 1.954253540039062500e+02
3.302127990722656250e+02 1.895093078613281250e+02
2.946325683593750000e+02 1.847129364013671875e+02
2.945628051757812500e+02 1.847193145751953125e+02
2.631638183593750000e+02 1.977937622070312500e+02
2.360387878417968750e+02 1.784031372070312500e+02
2.232493743896484375e+02 1.749279479980468750e+02
2.103537902832031250e+02 1.881540374755859375e+02
1.828428649902343750e+02 1.820239868164062500e+02
1.689160614013671875e+02 1.944070587158203125e+02
1.455243988037109375e+02 2.011058654785156250e+02
1.152862167358398438e+02 1.852921142578125000e+02
1.427767028808593750e+02 1.974766998291015625e+02
1.612793884277343750e+02 1.945135345458984375e+02
2.477408142089843750e+02 1.811290283203125000e+02
2.479541931152343750e+02 1.809715881347656250e+02
2.754390869140625000e+02 1.929888000488281250e+02
2.938566894531250000e+02 1.824089355468750000e+02
3.233352050781250000e+02 1.728211975097656250e+02
3.490048828125000000e+02 1.832529144287109375e+02
3.599445190429687500e+02 1.669860229492187500e+02
3.883996887207031250e+02 1.745081939697265625e+02
4.043903808593750000e+02 1.841175842285156250e+02
4.342978515625000000e+02 1.824338989257812500e+02
4.570975646972656250e+02 1.790980224609375000e+02
4.857062988281250000e+02 1.604437561035156250e+02
4.927512512207031250e+02 1.804300231933593750e+02
4.551237182617187500e+02 1.648260650634765625e+02
4.422185668945312500e+02 1.608442993164062500e+02
4.243514404296875000e+02 1.681251525878906250e+02
3.901843261718750000e+02 1.731395568847656250e+02
3.657567749023437500e+02 1.589572143554687500e+02
3.549846801757812500e+02 1.604291381835937500e+02
3.248612670898437500e+02 1.810748443603515625e+02
2.975663452148437500e+02 1.641348571777343750e+02
2.755623168945312500e+02 1.718190765380859375e+02
2.636821899414062500e+02 1.771013031005859375e+02
2.376573181152343750e+02 1.604362182617187500e+02
2.207634429931640625e+02 1.598504180908203125e+02
2.047545013427734375e+02 1.686176910400390625e+02
1.594007873535156250e+02 1.865032653808593750e+02
1.590206909179687500e+02 1.863183288574218750e+02
1.295496673583984375e+02 1.699385833740234375e+02
1.373057556152343750e+02 1.664984130859375000e+02
1.469728088378906250e+02 1.708379974365234375e+02
1.968752441406250000e+02 1.774302978515625000e+02
2.158058776855468750e+02 1.620782775878906250e+02
2.156603393554687500e+02 1.621644287109375000e+02
2.351027984619140625e+02 1.693257751464843750e+02
2.589470520019531250e+02 1.614660797119140625e+02
2.686761169433593750e+02 1.659851989746093750e+02
2.902941284179687500e+02 1.601477966308593750e+02
3.052553710937500000e+02 1.715405273437500000e+02
3.338667602539062500e+02 1.540345458984375000e+02
3.492100524902343750e+02 1.643349914550781250e+02
3.754381408691406250e+02 1.583380432128906250e+02
4.035781250000000000e+02 1.776901702880859375e+02
4.255537414550781250e+02 1.676007080078125000e+02
3.979829101562500000e+02 1.585084838867187500e+02
3.769630126953125000e+02 1.588476409912109375e+02
3.559784545898437500e+02 1.715761413574218750e+02
3.311228027343750000e+02 1.576274261474609375e+02
3.056378173828125000e+02 1.544416198730468750e+02
2.912049560546875000e+02 1.813837280273437500e+02
1.980594787597656250e+02 1.655763549804687500e+02
1.980502166748046875e+02 1.662611999511718750e+02
1.754960327148437500e+02 1.622927246093750000e+02
1.569960327148437500e+02 1.321299743652343750e+02
1.293646392822265625e+02 1.677000732421875000e+02
1.339266967773437500e+02 1.609127197265625000e+02
1.539650268554687500e+02 1.508208923339843750e+02
1.801471862792968750e+02 1.625059204101562500e+02
1.990934143066406250e+02 1.557000885009765625e+02
2.198868103027343750e+02 1.549710388183593750e+02
2.449963836669921875e+02 1.653318176269531250e+02
2.698489074707031250e+02 1.446426391601562500e+02
2.872803344726562500e+02 1.592387084960937500e+02
3.147170410156250000e+02 1.461928100585937500e+02
3.282529602050781250e+02 1.499897155761718750e+02
3.581208496093750000e+02 1.514296264648437500e+02
3.818939819335937500e+02 1.428171997070312500e+02
4.080035095214843750e+02 1.543345031738281250e+02
4.251322937011718750e+02 1.607271728515625000e+02
4.552768554687500000e+02 1.618088073730468750e+02
4.678494873046875000e+02 1.613228607177734375e+02
4.894474487304687500e+02 1.604801483154296875e+02
4.877554321289062500e+02 1.290808258056640625e+02
4.826744384765625000e+02 1.462279968261718750e+02
4.821181030273437500e+02 1.458326721191406250e+02
4.480509033203125000e+02 1.368445129394531250e+02
4.429575805664062500e+02 1.633873138427734375e+02
4.097975463867187500e+02 1.403890380859375000e+02
3.820441284179687500e+02 1.488776245117187500e+02
3.341949462890625000e+02 1.444153137207031250e+02
3.339313964843750000e+02 1.446629028320312500e+02
3.130388793945312500e+02 1.447791748046875000e+02
3.058507080078125000e+02 1.502850952148437500e+02
2.696626586914062500e+02 1.415794372558593750e+02
2.463480529785156250e+02 1.383096160888671875e+02
2.220722656250000000e+02 1.415945129394531250e+02
2.027052307128906250e+02 1.564289550781250000e+02
1.823392944335937500e+02 1.621759490966796875e+02
1.630696105957031250e+02 1.525386657714843750e+02
1.307611389160156250e+02 1.453587951660156250e+02
1.252504425048828125e+02 1.455380859375000000e+02
1.590691223144531250e+02 1.480413513183593750e+02
1.691299133300781250e+02 1.399916076660156250e+02
1.901937255859375000e+02 1.418097839355468750e+02
2.214318542480468750e+02 1.427017211914062500e+02
2.317363739013671875e+02 1.368032531738281250e+02
2.596328735351562500e+02 1.418338165283203125e+02
2.793397216796875000e+02 1.503471374511718750e+02
3.077408447265625000e+02 1.538984680175781250e+02
3.230294799804687500e+02 1.472743530273437500e+02
4.164332885742187500e+02 1.422924499511718750e+02
4.167009887695312500e+02 1.421834716796875000e+02
4.413787231445312500e+02 1.210053634643554688e+02
4.474647216796875000e+02 1.374976196289062500e+02
4.872975463867187500e+02 1.395185394287109375e+02
4.948894042968750000e+02 1.157912597656250000e+02
4.650383605957031250e+02 1.457044067382812500e+02
4.449500427246093750e+02 1.475042572021484375e+02
4.328076782226562500e+02 1.269369354248046875e+02
4.016840209960937500e+02 1.399663696289062500e+02
3.714457397460937500e+02 1.206898880004882812e+02
3.337794189453125000e+02 1.395232238769531250e+02
3.338815307617187500e+02 1.397621459960937500e+02
3.031076354980468750e+02 1.252966461181640625e+02
2.780903320312500000e+02 1.480627899169921875e+02
2.626980285644531250e+02 1.309380950927734375e+02
2.259896697998046875e+02 1.436724548339843750e+02
2.068323669433593750e+02 1.521354980468750000e+02
1.916214904785156250e+02 1.499199981689453125e+02
1.672621459960937500e+02 1.466677703857421875e+02
1.378087768554687500e+02 1.406940917968750000e+02
1.353597412109375000e+02 1.556965332031250000e+02
1.537939300537109375e+02 1.392771911621093750e+02
1.815639190673828125e+02 1.471512145996093750e+02
2.110892944335937500e+02 1.254858551025390625e+02
2.276021728515625000e+02 1.256965484619140625e+02
2.584597167968750000e+02 1.412599182128906250e+02
2.764551391601562500e+02 1.345379943847656250e+02
3.026056518554687500e+02 1.221449279785156250e+02
3.335911254882812500e+02 1.434851074218750000e+02
3.728757934570312500e+02 1.340841979980468750e+02
3.723048095703125000e+02 1.342788696289062500e+02
4.002901000976562500e+02 1.146146621704101562e+02
4.203999023437500000e+02 1.198869857788085938e+02
4.432360534667968750e+02 1.094665603637695312e+02
4.709862670898437500e+02 1.232517089843750000e+02
4.575669250488281250e+02 1.328404541015625000e+02
4.266665954589843750e+02 1.484765930175781250e+02
3.929344482421875000e+02 1.520682983398437500e+02
3.788510742187500000e+02 1.273887176513671875e+02
4.038748779296875000e+02 1.181141815185546875e+02
3.070942993164062500e+02 1.238701553344726562e+02
3.064343566894531250e+02 1.232322235107421875e+02
2.815272827148437500e+02 1.332351074218750000e+02
2.642794189453125000e+02 1.474782714843750000e+02
2.497988281250000000e+02 1.397859802246093750e+02
2.228363647460937500e+02 1.261697006225585938e+02
1.986735839843750000e+02 1.285778503417968750e+02
1.691463317871093750e+02 1.239213027954101562e+02
1.456097717285156250e+02 1.475478515625000000e+02
1.250392608642578125e+02 1.420382995605468750e+02
1.459278411865234375e+02 1.330962219238281250e+02
1.376336975097656250e+02 1.345029449462890625e+02
1.602536926269531250e+02 1.160240097045898438e+02
1.859033508300781250e+02 1.247082977294921875e+02
2.116027984619140625e+02 1.247443542480468750e+02
2.343293914794921875e+02 1.232345581054687500e+02
2.589363403320312500e+02 1.334138183593750000e+02
2.820071411132812500e+02 1.151944274902343750e+02
2.972124633789062500e+02 1.181647567749023438e+02
3.305220031738281250e+02 1.089588470458984375e+02
3.570676574707031250e+02 9.966254425048828125e+01
3.685733337402343750e+02 9.699032592773437500e+01
4.025387268066406250e+02 1.072635421752929688e+02
4.200863037109375000e+02 1.099216384887695312e+02
4.521378784179687500e+02 1.017796096801757812e+02
4.687155761718750000e+02 8.692953491210937500e+01
4.977787475585937500e+02 9.687493133544921875e+01
5.268281250000000000e+02 1.090447845458984375e+02
4.755767211914062500e+02 9.280112457275390625e+01
4.738721313476562500e+02 9.040192413330078125e+01
4.466812438964843750e+02 1.136069641113281250e+02
4.221928100585937500e+02 2.102784729003906250e+01
3.975979919433593750e+02 1.141452941894531250e+02
3.813291015625000000e+02 1.252943344116210938e+02
3.672521362304687500e+02 1.205280838012695312e+02
3.453692016601562500e+02 1.089195785522460938e+02
3.292259216308593750e+02 1.260190734863281250e+02
2.860027160644531250e+02 1.090110626220703125e+02
2.854012145996093750e+02 1.095800857543945312e+02
2.648291625976562500e+02 1.331036987304687500e+02
2.485818023681640625e+02 1.153009033203125000e+02
2.198672027587890625e+02 1.158755874633789062e+02
1.976855621337890625e+02 1.169861373901367188e+02
1.850995941162109375e+02 1.133698730468750000e+02
1.619165039062500000e+02 1.096234130859375000e+02
1.432895355224609375e+02 1.323741760253906250e+02
1.304982604980468750e+02 1.131698074340820312e+02
1.782407836914062500e+02 1.296711730957031250e+02
1.783872985839843750e+02 1.299694976806640625e+02
1.984003601074218750e+02 1.094539108276367188e+02
2.291601409912109375e+02 1.203595046997070312e+02
2.447999725341796875e+02 1.274588012695312500e+02
2.675400390625000000e+02 1.180548858642578125e+02
2.951719970703125000e+02 1.293511657714843750e+02
3.198322753906250000e+02 1.171371383666992188e+02
3.425460815429687500e+02 1.254101333618164062e+02
3.698524780273437500e+02 1.157810516357421875e+02
4.109315185546875000e+02 6.804415130615234375e+01
4.428897705078125000e+02 1.186451568603515625e+02
4.656884155273437500e+02 1.048117675781250000e+02
4.651382141113281250e+02 1.010211944580078125e+02
4.097489624023437500e+02 1.127500152587890625e+02
4.092701110839843750e+02 1.106790161132812500e+02
3.918286132812500000e+02 1.205953369140625000e+02
3.667890014648437500e+02 1.049652709960937500e+02
3.406186523437500000e+02 9.993714904785156250e+01
3.299934692382812500e+02 1.138629379272460938e+02
2.976581115722656250e+02 1.084666748046875000e+02
2.829724731445312500e+02 9.644225311279296875e+01
2.570182495117187500e+02 1.005278091430664062e+02
2.273215789794921875e+02 1.185179595947265625e+02
2.127371215820312500e+02 9.749407958984375000e+01
1.886513366699218750e+02 1.094250717163085938e+02
1.729910888671875000e+02 1.169790878295898438e+02
1.483648223876953125e+02 1.172871780395507812e+02
1.202728424072265625e+02 1.007869567871093750e+02
1.339109497070312500e+02 1.094256439208984375e+02
1.595061645507812500e+02 1.092844772338867188e+02
1.827683563232421875e+02 1.184519882202148438e+02
2.070906982421875000e+02 9.654502105712890625e+01
2.295621032714843750e+02 9.873515319824218750e+01
2.433067321777343750e+02 9.865911102294921875e+01
2.656189575195312500e+02 1.168388595581054688e+02
2.868565063476562500e+02 1.140634155273437500e+02
3.110123291015625000e+02 9.097167968750000000e+01
3.341539306640625000e+02 1.082551040649414062e+02
3.557891540527343750e+02 1.082374725341796875e+02
3.791785888671875000e+02 8.991220092773437500e+01
4.068117065429687500e+02 1.164747467041015625e+02
4.346052856445312500e+02 1.092974472045898438e+02
4.595210571289062500e+02 1.020438079833984375e+02
4.590698852539062500e+02 6.405611419677734375e+01
4.323658752441406250e+02 8.575877380371093750e+01
3.889286499023437500e+02 6.315099334716796875e+01
3.895609741210937500e+02 6.533486175537109375e+01
3.738659057617187500e+02 8.097137451171875000e+01
3.455335693359375000e+02 7.585906982421875000e+01
3.225885925292968750e+02 7.338622283935546875e+01
3.025214233398437500e+02 7.593643188476562500e+01
2.841537780761718750e+02 8.871338653564453125e+01
2.566926269531250000e+02 8.464556121826171875e+01
2.408151245117187500e+02 8.892448425292968750e+01
2.179259643554687500e+02 8.181209564208984375e+01
1.963685302734375000e+02 9.106557464599609375e+01
1.744309997558593750e+02 9.159789276123046875e+01
1.556030578613281250e+02 1.060370254516601562e+02
1.332687530517578125e+02 9.329200744628906250e+01
1.390273742675781250e+02 1.086785812377929688e+02
1.754683532714843750e+02 1.075269470214843750e+02
