nan nan
6.283588867187500000e+02 4.602342224121093750e+02
6.284119873046875000e+02 4.601496276855468750e+02
5.894574584960937500e+02 4.725704345703125000e+02
5.672872924804687500e+02 4.669001464843750000e+02
4.831776123046875000e+02 3.963566894531250000e+02
5.189826049804687500e+02 4.646914672851562500e+02
4.857702636718750000e+02 4.357485961914062500e+02
4.642227783203125000e+02 4.334107971191406250e+02
4.319803771972656250e+02 4.282938842773437500e+02
4.093042602539062500e+02 4.429103698730468750e+02
3.764673156738281250e+02 4.425538024902343750e+02
3.532753906250000000e+02 4.370952758789062500e+02
3.318195800781250000e+02 4.289921875000000000e+02
3.109644775390625000e+02 4.241704711914062500e+02
2.847790527343750000e+02 4.199706115722656250e+02
2.585578613281250000e+02 4.099115600585937500e+02
2.379152526855468750e+02 4.275762329101562500e+02
2.197720336914062500e+02 4.094189758300781250e+02
1.966623535156250000e+02 4.009501953125000000e+02
1.640622253417968750e+02 4.147299194335937500e+02
1.486741638183593750e+02 4.152664794921875000e+02
1.339470214843750000e+02 4.086123657226562500e+02
1.319244537353515625e+02 3.957590026855468750e+02
1.556731567382812500e+02 4.133119506835937500e+02
1.881901855468750000e+02 3.977795410156250000e+02
2.096255493164062500e+02 4.093427734375000000e+02
2.259383850097656250e+02 4.082725830078125000e+02
2.740292053222656250e+02 4.176437988281250000e+02
2.741059265136718750e+02 4.177711181640625000e+02
2.994779663085937500e+02 4.068413696289062500e+02
3.162670898437500000e+02 4.195678100585937500e+02
3.379262084960937500e+02 4.026486816406250000e+02
3.663838500976562500e+02 4.044586791992187500e+02
3.877246704101562500e+02 4.016589965820312500e+02
4.060853271484375000e+02 4.094123840332031250e+02
4.350355834960937500e+02 4.189529418945312500e+02
4.549247436523437500e+02 4.270896301269531250e+02
4.764346923828125000e+02 4.060416259765625000e+02
4.739750976562500000e+02 3.158693847656250000e+02
5.212600097656250000e+02 4.141120605468750000e+02
5.432344970703125000e+02 4.166685180664062500e+02
5.492368164062500000e+02 4.405437927246093750e+02
5.523914794921875000e+02 4.424428405761718750e+02
5.333354492187500000e+02 4.251940917968750000e+02
5.028905029296875000e+02 4.270516357421875000e+02
4.801782836914062500e+02 4.208807983398437500e+02
4.606990966796875000e+02 4.117023620605468750e+02
4.173780822753906250e+02 4.343903808593750000e+02
4.173209838867187500e+02 4.344726257324218750e+02
3.333414916992187500e+02 4.091245727539062500e+02
3.337088623046875000e+02 4.087237548828125000e+02
3.103926391601562500e+02 4.222855834960937500e+02
2.822339477539062500e+02 4.048402709960937500e+02
2.602933349609375000e+02 4.122046508789062500e+02
2.442522888183593750e+02 4.016758422851562500e+02
2.259586486816406250e+02 4.061130371093750000e+02
2.024363555908203125e+02 3.966033325195312500e+02
1.725433654785156250e+02 3.900843505859375000e+02
1.590840759277343750e+02 3.971279907226562500e+02
1.062513732910156250e+02 4.037111206054687500e+02
7.985164642333984375e+01 3.913577270507812500e+02
1.664173889160156250e+02 3.849058227539062500e+02
1.868963012695312500e+02 3.822900085449218750e+02
2.019502868652343750e+02 3.900249633789062500e+02
2.288799438476562500e+02 3.857945556640625000e+02
2.495982971191406250e+02 4.005448608398437500e+02
2.699399108886718750e+02 4.055818786621093750e+02
2.948845825195312500e+02 3.928585205078125000e+02
3.179257202148437500e+02 4.053777770996093750e+02
3.346480712890625000e+02 3.930057983398437500e+02
3.596779785156250000e+02 4.142081298828125000e+02
3.781304931640625000e+02 3.965643310546875000e+02
3.979194335937500000e+02 4.038830566406250000e+02
4.241091308593750000e+02 3.982385559082031250e+02
4.488035583496093750e+02 4.041395874023437500e+02
4.753813171386718750e+02 4.222135620117187500e+02
5.008482666015625000e+02 4.198448486328125000e+02
5.263601684570312500e+02 4.212537841796875000e+02
5.515295410156250000e+02 4.203869628906250000e+02
5.720397949218750000e+02 4.008604431152343750e+02
5.131249389648437500e+02 3.814208984375000000e+02
5.130142822265625000e+02 3.815254516601562500e+02
4.860870361328125000e+02 4.050718994140625000e+02
4.747637329101562500e+02 4.065713500976562500e+02
4.491865234375000000e+02 3.985306396484375000e+02
4.277467651367187500e+02 3.848696899414062500e+02
4.101011657714843750e+02 3.869167480468750000e+02
3.932059936523437500e+02 3.812979736328125000e+02
3.624545288085937500e+02 4.021032104492187500e+02
3.384125976562500000e+02 3.974915771484375000e+02
3.161676940917968750e+02 3.929262084960937500e+02
2.950031738281250000e+02 3.959761352539062500e+02
2.686452026367187500e+02 4.003328857421875000e+02
2.478776855468750000e+02 3.931063232421875000e+02
2.244230194091796875e+02 3.953084106445312500e+02
1.958212738037109375e+02 3.918770141601562500e+02
1.730632934570312500e+02 3.843534240722656250e+02
1.591680297851562500e+02 3.773796997070312500e+02
8.148333740234375000e+01 3.919772644042968750e+02
2.045949554443359375e+02 3.720845947265625000e+02
2.050899658203125000e+02 3.715913085937500000e+02
2.266790924072265625e+02 3.838258972167968750e+02
2.431876525878906250e+02 3.754400634765625000e+02
2.690440979003906250e+02 3.816364746093750000e+02
2.914917602539062500e+02 3.945204467773437500e+02
3.170595092773437500e+02 3.967396850585937500e+02
3.345780639648437500e+02 3.857520751953125000e+02
3.597509155273437500e+02 3.930752563476562500e+02
3.857887573242187500e+02 3.885236816406250000e+02
4.019481201171875000e+02 3.862852783203125000e+02
4.226896972656250000e+02 4.010414428710937500e+02
4.717705383300781250e+02 3.977184143066406250e+02
4.718479614257812500e+02 3.958469848632812500e+02
4.733392333984375000e+02 3.151522827148437500e+02
5.307406616210937500e+02 4.039279785156250000e+02
5.441263427734375000e+02 3.909603881835937500e+02
5.234743041992187500e+02 3.904678344726562500e+02
4.996962280273437500e+02 3.895772399902343750e+02
4.697448730468750000e+02 3.769774780273437500e+02
4.618024291992187500e+02 3.943950805664062500e+02
4.410843811035156250e+02 3.734885864257812500e+02
4.139929809570312500e+02 3.931407470703125000e+02
3.858255920410156250e+02 3.850412902832031250e+02
3.773043212890625000e+02 3.804467773437500000e+02
3.270221557617187500e+02 3.661713256835937500e+02
3.269948730468750000e+02 3.661820678710937500e+02
3.087457885742187500e+02 3.870550537109375000e+02
2.843527832031250000e+02 3.845963134765625000e+02
2.632695922851562500e+02 3.780361633300781250e+02
2.377868041992187500e+02 3.820637817382812500e+02
2.287143554687500000e+02 3.670887145996093750e+02
2.017975463867187500e+02 3.589639587402343750e+02
1.794743652343750000e+02 3.787924194335937500e+02
1.588506774902343750e+02 3.627705078125000000e+02
1.502984313964843750e+02 3.565048828125000000e+02
1.505575561523437500e+02 3.565137023925781250e+02
1.715845031738281250e+02 3.669646606445312500e+02
1.884006805419921875e+02 3.732258300781250000e+02
2.091330566406250000e+02 3.727055053710937500e+02
2.307371673583984375e+02 3.738417968750000000e+02
2.525909118652343750e+02 3.740040588378906250e+02
2.767619018554687500e+02 3.615136718750000000e+02
2.972987060546875000e+02 3.676021728515625000e+02
3.098434448242187500e+02 3.608018798828125000e+02
3.337449645996093750e+02 3.799904479980468750e+02
3.584966430664062500e+02 3.727564086914062500e+02
3.790277709960937500e+02 3.691113891601562500e+02
3.914543457031250000e+02 3.848335266113281250e+02
4.150629882812500000e+02 3.793855590820312500e+02
4.971710205078125000e+02 3.856737670898437500e+02
4.972192382812500000e+02 3.857353820800781250e+02
5.386904296875000000e+02 4.006470031738281250e+02
5.431484375000000000e+02 3.771444396972656250e+02
5.306671142578125000e+02 3.668173217773437500e+02
5.016843872070312500e+02 3.693430786132812500e+02
4.779002685546875000e+02 3.808018798828125000e+02
4.466359558105468750e+02 3.657814941406250000e+02
4.451380920410156250e+02 3.768493652343750000e+02
4.105061035156250000e+02 3.588634643554687500e+02
4.019694213867187500e+02 3.635051879882812500e+02
3.734988708496093750e+02 3.798137207031250000e+02
3.568698730468750000e+02 3.600655822753906250e+02
3.219645996093750000e+02 3.785526733398437500e+02
3.223884277343750000e+02 3.785863342285156250e+02
3.012399902343750000e+02 3.601983337402343750e+02
2.829144897460937500e+02 3.527541198730468750e+02
2.598468017578125000e+02 3.488252563476562500e+02
2.340940399169921875e+02 3.604498291015625000e+02
2.086993103027343750e+02 3.636774902343750000e+02
1.950089874267578125e+02 3.626908264160156250e+02
1.812555541992187500e+02 3.462197875976562500e+02
1.523349304199218750e+02 3.543124389648437500e+02
1.154426116943359375e+02 3.575061645507812500e+02
1.871366271972656250e+02 3.449028625488281250e+02
2.075853729248046875e+02 3.588373718261718750e+02
2.193505249023437500e+02 3.398099975585937500e+02
2.407922973632812500e+02 3.429713439941406250e+02
2.640715942382812500e+02 3.536995849609375000e+02
2.724189147949218750e+02 3.661269836425781250e+02
2.967700195312500000e+02 3.671754455566406250e+02
3.259298706054687500e+02 3.630978393554687500e+02
3.325019226074218750e+02 3.463024902343750000e+02
3.563197021484375000e+02 3.475184020996093750e+02
3.808527526855468750e+02 3.675729370117187500e+02
3.940630798339843750e+02 3.634606323242187500e+02
4.127885742187500000e+02 3.579635314941406250e+02
4.386188354492187500e+02 3.551687622070312500e+02
4.639582519531250000e+02 3.571453552246093750e+02
4.634046020507812500e+02 3.568790893554687500e+02
4.904830322265625000e+02 3.854313964843750000e+02
5.116860961914062500e+02 3.868475341796875000e+02
5.402507324218750000e+02 3.667002563476562500e+02
5.296437988281250000e+02 3.418921508789062500e+02
4.933295288085937500e+02 3.322710876464843750e+02
4.881681213378906250e+02 3.551916503906250000e+02
4.619915466308593750e+02 3.600105590820312500e+02
4.334580688476562500e+02 3.476377563476562500e+02
4.113301391601562500e+02 3.434066772460937500e+02
3.978247070312500000e+02 3.641462097167968750e+02
nan nan
2.953444213867187500e+02 3.519532775878906250e+02
2.956435546875000000e+02 3.522059020996093750e+02
2.740779418945312500e+02 3.540211486816406250e+02
2.572007446289062500e+02 3.473421936035156250e+02
2.365937347412109375e+02 3.511346435546875000e+02
2.109664611816406250e+02 3.403236694335937500e+02
1.889189758300781250e+02 3.472839355468750000e+02
1.709263610839843750e+02 3.500108032226562500e+02
1.642058410644531250e+02 3.380323181152343750e+02
1.780391082763671875e+02 3.298556518554687500e+02
1.993615722656250000e+02 3.441816406250000000e+02
2.186983642578125000e+02 3.465452880859375000e+02
2.467835998535156250e+02 3.399110107421875000e+02
2.618139953613281250e+02 3.431697998046875000e+02
2.922281494140625000e+02 3.473360595703125000e+02
3.182309570312500000e+02 3.529898681640625000e+02
3.387874145507812500e+02 3.566312255859375000e+02
3.588373107910156250e+02 3.464540405273437500e+02
3.803619689941406250e+02 3.503807373046875000e+02
4.285319824218750000e+02 3.469923706054687500e+02
4.298755187988281250e+02 3.460842285156250000e+02
4.492834472656250000e+02 3.596185913085937500e+02
4.727834472656250000e+02 3.601193237304687500e+02
4.929918518066406250e+02 3.844993591308593750e+02
5.155583496093750000e+02 3.647795410156250000e+02
4.998127746582031250e+02 3.463432312011718750e+02
4.749093322753906250e+02 3.353830566406250000e+02
4.497723999023437500e+02 3.318834838867187500e+02
4.308374938964843750e+02 3.438432312011718750e+02
4.018580932617187500e+02 3.494657287597656250e+02
3.593139343261718750e+02 3.493817138671875000e+02
3.591705932617187500e+02 3.494731140136718750e+02
3.401325073242187500e+02 3.438780517578125000e+02
3.177358398437500000e+02 3.450806884765625000e+02
2.981144409179687500e+02 3.337131958007812500e+02
2.736068420410156250e+02 3.386695556640625000e+02
2.558845214843750000e+02 3.401524658203125000e+02
2.351518096923828125e+02 3.500734252929687500e+02
2.065869140625000000e+02 3.393515319824218750e+02
2.067703552246093750e+02 3.392255249023437500e+02
1.853993225097656250e+02 3.327208557128906250e+02
1.077421722412109375e+02 3.271503295898437500e+02
1.819196777343750000e+02 3.254207153320312500e+02
2.069819641113281250e+02 3.355144653320312500e+02
2.263777160644531250e+02 3.468173828125000000e+02
2.446241912841796875e+02 3.271023254394531250e+02
2.727030639648437500e+02 3.275448303222656250e+02
2.930977783203125000e+02 3.295473632812500000e+02
3.168865966796875000e+02 3.482585144042968750e+02
3.504801025390625000e+02 3.556872863769531250e+02
3.864411315917968750e+02 3.493276367187500000e+02
4.093923034667968750e+02 3.314858398437500000e+02
4.295464782714843750e+02 3.347112731933593750e+02
4.480426330566406250e+02 3.315321655273437500e+02
4.670956115722656250e+02 3.494240417480468750e+02
4.899738769531250000e+02 3.371609802246093750e+02
5.179549560546875000e+02 3.480304870605468750e+02
5.344390869140625000e+02 3.506052551269531250e+02
5.331293945312500000e+02 3.241445312500000000e+02
5.156578369140625000e+02 3.317371215820312500e+02
4.932047424316406250e+02 3.237678833007812500e+02
4.628742675781250000e+02 3.379358520507812500e+02
4.431597900390625000e+02 3.421340942382812500e+02
4.187604370117187500e+02 3.418363037109375000e+02
4.026483764648437500e+02 3.470310668945312500e+02
3.563265686035156250e+02 3.457272338867187500e+02
3.564224853515625000e+02 3.453782043457031250e+02
3.184213256835937500e+02 3.305472106933593750e+02
3.174871215820312500e+02 3.309498596191406250e+02
2.994219665527343750e+02 3.445190429687500000e+02
2.803728027343750000e+02 3.209999389648437500e+02
2.502740783691406250e+02 3.365372314453125000e+02
2.108529052734375000e+02 3.396734008789062500e+02
2.097662353515625000e+02 3.406898803710937500e+02
1.876686248779296875e+02 3.340502319335937500e+02
1.660325469970703125e+02 3.311341857910156250e+02
1.680347290039062500e+02 3.219546508789062500e+02
1.968747863769531250e+02 3.360254516601562500e+02
2.129356689453125000e+02 3.184432373046875000e+02
2.275185394287109375e+02 3.325142211914062500e+02
2.507138824462890625e+02 3.281520385742187500e+02
2.737102966308593750e+02 3.375281982421875000e+02
2.914674377441406250e+02 3.378887023925781250e+02
3.132273864746093750e+02 3.375438537597656250e+02
3.314348144531250000e+02 3.323975219726562500e+02
3.592251586914062500e+02 3.232172851562500000e+02
3.762037048339843750e+02 3.274268493652343750e+02
4.211633300781250000e+02 3.421209106445312500e+02
4.456557617187500000e+02 3.391267089843750000e+02
4.455839233398437500e+02 3.390990600585937500e+02
4.639940795898437500e+02 3.463264770507812500e+02
4.861538085937500000e+02 3.406239624023437500e+02
5.146494140625000000e+02 3.302373962402343750e+02
5.263433837890625000e+02 3.227108154296875000e+02
5.135795898437500000e+02 3.277526550292968750e+02
4.769255371093750000e+02 3.160893249511718750e+02
4.573234252929687500e+02 3.139271240234375000e+02
4.428689575195312500e+02 3.377078857421875000e+02
4.185314025878906250e+02 3.346259765625000000e+02
3.352098999023437500e+02 3.321250000000000000e+02
3.351102600097656250e+02 3.325386047363281250e+02
3.195155029296875000e+02 3.307705688476562500e+02
2.959000854492187500e+02 3.312269592285156250e+02
2.743756713867187500e+02 3.256262207031250000e+02
2.587759094238281250e+02 3.248991699218750000e+02
2.214941864013671875e+02 3.270760803222656250e+02
2.214892425537109375e+02 3.268115234375000000e+02
2.164316253662109375e+02 3.113528442382812500e+02
1.753249816894531250e+02 3.254857788085937500e+02
1.666675415039062500e+02 3.060288696289062500e+02
1.706820373535156250e+02 3.163662109375000000e+02
1.949968872070312500e+02 3.097399597167968750e+02
2.188799438476562500e+02 3.079383850097656250e+02
2.355308685302734375e+02 3.252720336914062500e+02
2.597529602050781250e+02 3.184540100097656250e+02
2.734657592773437500e+02 3.130238037109375000e+02
2.987904663085937500e+02 3.192679443359375000e+02
3.279899902343750000e+02 3.165266113281250000e+02
3.460297851562500000e+02 3.152417602539062500e+02
3.603363647460937500e+02 3.266784667968750000e+02
4.146727600097656250e+02 3.152695617675781250e+02
4.163588867187500000e+02 3.142198181152343750e+02
4.267174072265625000e+02 3.111751403808593750e+02
4.365670471191406250e+02 3.362364196777343750e+02
4.701672973632812500e+02 3.143547973632812500e+02
4.886406555175781250e+02 3.311923828125000000e+02
5.089183044433593750e+02 3.302070312500000000e+02
5.263773193359375000e+02 3.348218688964843750e+02
5.151153564453125000e+02 3.021857299804687500e+02
4.830330810546875000e+02 3.097364501953125000e+02
4.697796630859375000e+02 2.945847167968750000e+02
4.465104980468750000e+02 3.138143310546875000e+02
4.253341064453125000e+02 3.039892578125000000e+02
3.997372436523437500e+02 3.085177612304687500e+02
3.622151489257812500e+02 3.054724121093750000e+02
3.623623046875000000e+02 3.055084838867187500e+02
3.423310852050781250e+02 3.040985717773437500e+02
3.168046264648437500e+02 3.222996826171875000e+02
2.999349975585937500e+02 3.223583679199218750e+02
2.809132690429687500e+02 3.045368041992187500e+02
2.394325714111328125e+02 2.989842529296875000e+02
2.394029846191406250e+02 2.992180175781250000e+02
2.161041870117187500e+02 3.041348266601562500e+02
2.076970520019531250e+02 3.002899169921875000e+02
1.744701538085937500e+02 3.129150695800781250e+02
2.025621337890625000e+02 2.927029418945312500e+02
2.024612731933593750e+02 2.928615112304687500e+02
2.253320312500000000e+02 3.011069946289062500e+02
2.429412841796875000e+02 3.124648132324218750e+02
3.182941894531250000e+02 3.103986206054687500e+02
3.180434875488281250e+02 3.097840576171875000e+02
3.397951354980468750e+02 3.031350708007812500e+02
3.644016418457031250e+02 3.150703125000000000e+02
3.791084594726562500e+02 3.056389160156250000e+02
3.999893188476562500e+02 3.061072998046875000e+02
4.156484069824218750e+02 3.000272216796875000e+02
4.344635620117187500e+02 3.879675903320312500e+02
4.592709960937500000e+02 3.002393188476562500e+02
4.855382385253906250e+02 3.079476318359375000e+02
5.096312866210937500e+02 3.147652587890625000e+02
5.248244628906250000e+02 3.193912963867187500e+02
5.309702758789062500e+02 3.210888977050781250e+02
5.060006103515625000e+02 2.980223388671875000e+02
5.060554504394531250e+02 2.977488403320312500e+02
4.599833068847656250e+02 3.021527099609375000e+02
4.600997314453125000e+02 3.018486938476562500e+02
4.371556091308593750e+02 2.970360717773437500e+02
4.181207885742187500e+02 2.986989746093750000e+02
3.744216918945312500e+02 2.982929992675781250e+02
3.746947021484375000e+02 2.983086242675781250e+02
3.448526000976562500e+02 2.997041625976562500e+02
3.432976074218750000e+02 2.995639038085937500e+02
3.180082702636718750e+02 2.986387634277343750e+02
2.967434082031250000e+02 2.986956787109375000e+02
2.769601440429687500e+02 3.045492553710937500e+02
2.279741210937500000e+02 3.044902343750000000e+02
2.281461486816406250e+02 3.047277832031250000e+02
2.152766571044921875e+02 2.936173095703125000e+02
1.892876281738281250e+02 2.982247924804687500e+02
1.856730346679687500e+02 2.884164123535156250e+02
2.047926635742187500e+02 3.002312622070312500e+02
2.299207611083984375e+02 3.022128295898437500e+02
2.492655487060546875e+02 2.979955749511718750e+02
2.884578857421875000e+02 3.212085876464843750e+02
3.136508178710937500e+02 2.964675292968750000e+02
3.153816223144531250e+02 2.962053833007812500e+02
3.327910766601562500e+02 3.062572631835937500e+02
3.555640258789062500e+02 2.886294860839843750e+02
3.779826049804687500e+02 3.012245178222656250e+02
3.890693359375000000e+02 3.013645629882812500e+02
4.116968383789062500e+02 2.871292114257812500e+02
4.275007934570312500e+02 3.035139770507812500e+02
4.516704406738281250e+02 3.031652221679687500e+02
4.743699951171875000e+02 3.003476867675781250e+02
5.211278076171875000e+02 2.990823974609375000e+02
5.194890747070312500e+02 2.987125244140625000e+02
5.106168823242187500e+02 2.922379760742187500e+02
4.936148681640625000e+02 2.833111572265625000e+02
4.686495971679687500e+02 2.887208251953125000e+02
3.935298461914062500e+02 3.011761779785156250e+02
3.938854980468750000e+02 3.005380249023437500e+02
3.710642700195312500e+02 2.863838195800781250e+02
3.574856567382812500e+02 3.012303466796875000e+02
3.345799560546875000e+02 2.829979858398437500e+02
3.134667968750000000e+02 2.957162475585937500e+02
2.933212280273437500e+02 2.948147583007812500e+02
2.737540893554687500e+02 2.809230957031250000e+02
2.547188720703125000e+02 2.768222045898437500e+02
2.367068786621093750e+02 2.800688476562500000e+02
2.212151947021484375e+02 2.838157958984375000e+02
1.730619812011718750e+02 2.853922119140625000e+02
1.732816162109375000e+02 2.853054809570312500e+02
2.073393859863281250e+02 2.839068603515625000e+02
2.072929077148437500e+02 2.839364318847656250e+02
2.294316406250000000e+02 2.830171508789062500e+02
2.429551696777343750e+02 2.819624023437500000e+02
2.616491699218750000e+02 2.839454956054687500e+02
2.859734191894531250e+02 2.844011230468750000e+02
3.065652770996093750e+02 2.910157165527343750e+02
3.272782592773437500e+02 2.738634643554687500e+02
3.513744506835937500e+02 2.812554931640625000e+02
3.678743591308593750e+02 2.926270141601562500e+02
3.927825012207031250e+02 2.979467773437500000e+02
4.193215637207031250e+02 2.818499145507812500e+02
4.434500122070312500e+02 2.792094116210937500e+02
4.846636962890625000e+02 2.841084594726562500e+02
4.831950073242187500e+02 2.766937866210937500e+02
5.072564086914062500e+02 2.868624877929687500e+02
5.304239501953125000e+02 2.771817016601562500e+02
5.111300048828125000e+02 2.692533874511718750e+02
4.896882324218750000e+02 2.749875183105468750e+02
4.621559448242187500e+02 2.667124633789062500e+02
4.493162231445312500e+02 2.652435913085937500e+02
4.176886901855468750e+02 2.720115356445312500e+02
4.013547973632812500e+02 2.618272094726562500e+02
3.788505859375000000e+02 2.810259399414062500e+02
3.634443359375000000e+02 2.832960205078125000e+02
3.418417358398437500e+02 2.724353332519531250e+02
3.330755615234375000e+02 2.766548461914062500e+02
3.028754272460937500e+02 2.806000061035156250e+02
2.833931884765625000e+02 2.656252136230468750e+02
2.732770996093750000e+02 2.625388793945312500e+02
2.584407958984375000e+02 2.767689819335937500e+02
2.367904052734375000e+02 2.683118896484375000e+02
2.219358520507812500e+02 2.828626098632812500e+02
2.021175537109375000e+02 2.796255493164062500e+02
1.777446594238281250e+02 2.649970703125000000e+02
1.984483337402343750e+02 2.773907470703125000e+02
2.151406555175781250e+02 2.755514221191406250e+02
2.926013488769531250e+02 2.688199768066406250e+02
2.923740234375000000e+02 2.679798278808593750e+02
3.142014770507812500e+02 2.820707702636718750e+02
3.320775146484375000e+02 2.726620178222656250e+02
3.585144653320312500e+02 2.674113159179687500e+02
3.798504028320312500e+02 2.817224426269531250e+02
3.903068237304687500e+02 2.684727172851562500e+02
4.159737548828125000e+02 2.772950134277343750e+02
4.279553833007812500e+02 2.813674011230468750e+02
4.552410278320312500e+02 2.815683593750000000e+02
4.755298461914062500e+02 2.804724121093750000e+02
5.005056152343750000e+02 2.687212524414062500e+02
4.740305786132812500e+02 2.632495117187500000e+02
4.735769348144531250e+02 2.631494750976562500e+02
4.620048217773437500e+02 2.613270874023437500e+02
4.452739257812500000e+02 2.610823364257812500e+02
4.160536804199218750e+02 2.722316284179687500e+02
3.968156127929687500e+02 2.570110168457031250e+02
3.861030273437500000e+02 2.565163269042968750e+02
3.588850097656250000e+02 2.752346801757812500e+02
3.369555664062500000e+02 2.542095336914062500e+02
3.158253173828125000e+02 2.651724853515625000e+02
3.060994567871093750e+02 2.692189636230468750e+02
2.863147277832031250e+02 2.556193847656250000e+02
2.714974365234375000e+02 2.504444885253906250e+02
2.559487609863281250e+02 2.580812988281250000e+02
2.187207641601562500e+02 2.735184631347656250e+02
2.189025573730468750e+02 2.737955017089843750e+02
1.944689483642578125e+02 2.531299743652343750e+02
1.998327636718750000e+02 2.535233764648437500e+02
2.069729003906250000e+02 2.558689575195312500e+02
2.267103271484375000e+02 2.750640258789062500e+02
2.675025939941406250e+02 2.593119506835937500e+02
2.678381042480468750e+02 2.591610107421875000e+02
2.813464355468750000e+02 2.663802795410156250e+02
3.033299865722656250e+02 2.599443664550781250e+02
3.315120849609375000e+02 2.534387969970703125e+02
3.324599609375000000e+02 2.540227966308593750e+02
3.416837768554687500e+02 2.631954345703125000e+02
3.670208435058593750e+02 2.506418151855468750e+02
3.798201904296875000e+02 2.668058776855468750e+02
4.041051025390625000e+02 2.608693542480468750e+02
4.266056518554687500e+02 2.792974243164062500e+02
4.470332031250000000e+02 2.621476440429687500e+02
4.225420532226562500e+02 2.594705810546875000e+02
4.046898803710937500e+02 2.618004455566406250e+02
3.858268432617187500e+02 2.707708740234375000e+02
3.660458984375000000e+02 2.596935424804687500e+02
3.432316284179687500e+02 2.506763305664062500e+02
3.265159606933593750e+02 2.671942749023437500e+02
2.508750610351562500e+02 2.592314453125000000e+02
2.509479064941406250e+02 2.592314453125000000e+02
2.313074951171875000e+02 2.536280364990234375e+02
2.136042480468750000e+02 2.507521972656250000e+02
1.954098358154296875e+02 2.537520294189453125e+02
1.996825561523437500e+02 2.493737182617187500e+02
2.161245422363281250e+02 2.422669677734375000e+02
2.375444183349609375e+02 2.543944549560546875e+02
2.554340972900390625e+02 2.540267333984375000e+02
2.725209960937500000e+02 2.476898345947265625e+02
2.908672485351562500e+02 2.597212829589843750e+02
3.173564147949218750e+02 2.405619354248046875e+02
3.278365173339843750e+02 2.519609527587890625e+02
3.510733947753906250e+02 2.503387908935546875e+02
3.645505981445312500e+02 2.470754699707031250e+02
3.894804077148437500e+02 2.501474761962890625e+02
4.088605957031250000e+02 2.503308105468750000e+02
4.337586669921875000e+02 2.545420379638671875e+02
4.467962341308593750e+02 2.687517700195312500e+02
4.721217956542968750e+02 2.625675964355468750e+02
4.952459106445312500e+02 2.971962890625000000e+02
5.238381347656250000e+02 2.491316070556640625e+02
5.236657714843750000e+02 2.489185791015625000e+02
4.995598754882812500e+02 2.378253784179687500e+02
4.967048339843750000e+02 2.456955413818359375e+02
4.667142028808593750e+02 2.427178192138671875e+02
4.594138793945312500e+02 2.537880096435546875e+02
4.345699462890625000e+02 2.398486022949218750e+02
4.103508300781250000e+02 2.515397033691406250e+02
3.892094726562500000e+02 2.542200927734375000e+02
3.679338378906250000e+02 2.455063629150390625e+02
3.507590332031250000e+02 2.485266876220703125e+02
3.477477416992187500e+02 2.497282409667968750e+02
3.155071716308593750e+02 2.380804748535156250e+02
2.975130920410156250e+02 2.371813507080078125e+02
2.761625976562500000e+02 2.372472076416015625e+02
2.570389099121093750e+02 2.468883056640625000e+02
2.389099426269531250e+02 2.538062133789062500e+02
2.224628295898437500e+02 2.472517852783203125e+02
1.999770050048828125e+02 2.373616027832031250e+02
2.187905883789062500e+02 2.459326629638671875e+02
2.187950897216796875e+02 2.460493316650390625e+02
2.489862060546875000e+02 2.361734619140625000e+02
2.489544372558593750e+02 2.368746948242187500e+02
2.752299194335937500e+02 2.378380737304687500e+02
2.841111450195312500e+02 2.356694183349609375e+02
3.038079833984375000e+02 2.436301422119140625e+02
3.213305664062500000e+02 2.531066131591796875e+02
3.452678222656250000e+02 2.519972076416015625e+02
3.602379150390625000e+02 2.441697998046875000e+02
4.392120361328125000e+02 2.506941986083984375e+02
4.391563720703125000e+02 2.509139099121093750e+02
4.616639404296875000e+02 2.336786499023437500e+02
4.698422851562500000e+02 2.435033416748046875e+02
5.049511108398437500e+02 2.299572906494140625e+02
5.050536499023437500e+02 2.298889923095703125e+02
4.813783569335937500e+02 2.484737548828125000e+02
4.634514770507812500e+02 2.519260253906250000e+02
4.534870605468750000e+02 2.326540069580078125e+02
4.269039306640625000e+02 2.450964508056640625e+02
4.023734130859375000e+02 2.263104248046875000e+02
3.700474243164062500e+02 2.421522064208984375e+02
3.695641784667968750e+02 2.423344421386718750e+02
3.452888183593750000e+02 2.322083282470703125e+02
3.194782104492187500e+02 2.437641296386718750e+02
3.096434326171875000e+02 2.346771545410156250e+02
2.787722473144531250e+02 2.370204162597656250e+02
2.616347656250000000e+02 2.459449157714843750e+02
2.495983886718750000e+02 2.430953369140625000e+02
2.284290466308593750e+02 2.437744598388671875e+02
2.064255981445312500e+02 2.321223754882812500e+02
1.992553863525390625e+02 2.486249084472656250e+02
2.194156341552734375e+02 2.338080139160156250e+02
2.677159423828125000e+02 2.294437408447265625e+02
2.675803833007812500e+02 2.294611511230468750e+02
2.807028808593750000e+02 2.288670196533203125e+02
3.027628784179687500e+02 2.426363220214843750e+02
3.194008789062500000e+02 2.352084655761718750e+02
3.424109497070312500e+02 2.285026702880859375e+02
3.695569152832031250e+02 3.420930786132812500e+02
4.028996276855468750e+02 2.446589050292968750e+02
4.054245605468750000e+02 2.588723449707031250e+02
4.242646484375000000e+02 2.267800598144531250e+02
4.424711303710937500e+02 1.785365600585937500e+02
4.624415893554687500e+02 2.266633911132812500e+02
4.861440429687500000e+02 2.334006805419921875e+02
4.738621520996093750e+02 2.350787353515625000e+02
4.471433715820312500e+02 2.405513458251953125e+02
4.186618652343750000e+02 2.462609405517578125e+02
4.197631835937500000e+02 2.310702056884765625e+02
nan nan
3.477763061523437500e+02 2.244225006103515625e+02
3.486583862304687500e+02 2.252417144775390625e+02
3.251275634765625000e+02 2.372180786132812500e+02
3.106769409179687500e+02 2.453943634033203125e+02
3.014301147460937500e+02 2.422242279052734375e+02
2.780796813964843750e+02 2.288661651611328125e+02
2.580838317871093750e+02 2.278886108398437500e+02
2.360957031250000000e+02 2.232094573974609375e+02
2.111069946289062500e+02 2.409114837646484375e+02
2.107150573730468750e+02 2.342423248291015625e+02
2.109081115722656250e+02 2.344506225585937500e+02
2.067763824462890625e+02 2.265832366943359375e+02
2.292556610107421875e+02 2.161639556884765625e+02
2.470266418457031250e+02 2.288816833496093750e+02
2.685778198242187500e+02 2.292764282226562500e+02
2.866914367675781250e+02 2.269707794189453125e+02
3.271192626953125000e+02 2.188517456054687500e+02
3.270776977539062500e+02 2.187805480957031250e+02
3.419213867187500000e+02 2.269805908203125000e+02
3.679671325683593750e+02 2.171039428710937500e+02
3.896384887695312500e+02 2.168124084472656250e+02
4.281087036132812500e+02 2.215821990966796875e+02
4.277216491699218750e+02 2.217985839843750000e+02
4.390010986328125000e+02 2.098000183105468750e+02
4.696130371093750000e+02 2.230603179931640625e+02
5.082467041015625000e+02 2.130327301025390625e+02
5.083522949218750000e+02 2.134764556884765625e+02
5.333270874023437500e+02 2.245339965820312500e+02
4.972611083984375000e+02 1.794817199707031250e+02
4.880765991210937500e+02 2.102527923583984375e+02
4.646786499023437500e+02 2.300597534179687500e+02
4.224313354492187500e+02 2.199123229980468750e+02
4.226362915039062500e+02 2.212293090820312500e+02
4.096354980468750000e+02 2.333974151611328125e+02
3.991397399902343750e+02 2.307157897949218750e+02
3.794692382812500000e+02 2.245341644287109375e+02
3.641704101562500000e+02 2.339733123779296875e+02
3.445219116210937500e+02 2.379170227050781250e+02
3.311582031250000000e+02 2.174496154785156250e+02
3.108410034179687500e+02 2.414581298828125000e+02
3.007243652343750000e+02 2.204593505859375000e+02
2.775568237304687500e+02 2.194235992431640625e+02
2.588515625000000000e+02 2.181382598876953125e+02
2.483509674072265625e+02 2.145599517822265625e+02
2.292966003417968750e+02 2.150911254882812500e+02
2.125943298339843750e+02 2.318685302734375000e+02
2.051160583496093750e+02 2.140599975585937500e+02
2.281276245117187500e+02 2.257847137451171875e+02
2.603263854980468750e+02 2.131490020751953125e+02
2.599580688476562500e+02 2.131892700195312500e+02
2.819362487792968750e+02 2.269634552001953125e+02
2.963533325195312500e+02 2.267117156982421875e+02
3.156313171386718750e+02 2.210770263671875000e+02
3.368138732910156250e+02 2.354373626708984375e+02
3.590578002929687500e+02 2.216280364990234375e+02
4.008902587890625000e+02 2.265615844726562500e+02
4.003413696289062500e+02 2.258629455566406250e+02
4.354290161132812500e+02 2.104793090820312500e+02
4.362683410644531250e+02 2.309559783935546875e+02
4.807924194335937500e+02 2.165365142822265625e+02
4.802553710937500000e+02 2.177418212890625000e+02
4.334404907226562500e+02 2.198077545166015625e+02
4.334468994140625000e+02 2.181337280273437500e+02
4.211148376464843750e+02 2.365841979980468750e+02
3.981121215820312500e+02 2.206654357910156250e+02
3.670653076171875000e+02 2.248128967285156250e+02
3.669132080078125000e+02 2.248569335937500000e+02
3.402089233398437500e+02 2.142387847900390625e+02
3.305867004394531250e+02 2.054710998535156250e+02
3.078306579589843750e+02 2.140592498779296875e+02
2.832780761718750000e+02 2.209142303466796875e+02
2.742785644531250000e+02 2.044020690917968750e+02
2.528887939453125000e+02 2.123170623779296875e+02
2.375572052001953125e+02 2.220523071289062500e+02
2.174939422607421875e+02 2.193411712646484375e+02
1.984275512695312500e+02 2.035574340820312500e+02
2.084890747070312500e+02 2.115501556396484375e+02
2.290111694335937500e+02 2.132055358886718750e+02
2.458941345214843750e+02 2.223152008056640625e+02
2.672782592773437500e+02 2.101049499511718750e+02
2.857244873046875000e+02 2.138206481933593750e+02
2.984466552734375000e+02 2.083770446777343750e+02
3.135590820312500000e+02 2.266269683837890625e+02
3.311506958007812500e+02 2.203266448974609375e+02
3.528394470214843750e+02 2.093762664794921875e+02
3.701185607910156250e+02 2.249236145019531250e+02
3.886278686523437500e+02 2.179400482177734375e+02
4.072575378417968750e+02 2.107607574462890625e+02
4.340793457031250000e+02 2.292465057373046875e+02
4.543318481445312500e+02 2.281663055419921875e+02
4.744848632812500000e+02 1.901211700439453125e+02
4.746869506835937500e+02 1.897209472656250000e+02
4.533440856933593750e+02 2.075396881103515625e+02
4.392206726074218750e+02 2.083382720947265625e+02
4.175261840820312500e+02 1.885872039794921875e+02
4.053185424804687500e+02 2.029466247558593750e+02
3.824479370117187500e+02 1.994761199951171875e+02
3.635198364257812500e+02 1.909064178466796875e+02
3.480470886230468750e+02 1.925144958496093750e+02
3.319791870117187500e+02 2.069403228759765625e+02
3.094157714843750000e+02 2.025026702880859375e+02
2.967261352539062500e+02 1.981479187011718750e+02
2.783167724609375000e+02 2.003047637939453125e+02
2.606624145507812500e+02 2.048147277832031250e+02
2.426631774902343750e+02 2.048675994873046875e+02
2.256348419189453125e+02 2.107035522460937500e+02
2.105805358886718750e+02 1.984472045898437500e+02
2.098633880615234375e+02 2.168194122314453125e+02
2.420575561523437500e+02 2.138660888671875000e+02
